"AphiaID","phylum","class","order","family","genus","species","group","redlist_category","records","max_year","target_gene","source_obis","source_gbif","source_dna"
279788,"Chordata","Elasmobranchii","Carcharhiniformes","Scyliorhinidae","Atelomycterus","Atelomycterus fasciatus","fish",,2,,,TRUE,FALSE,
217352,"Chordata","Elasmobranchii","Carcharhiniformes","Carcharhinidae","Carcharhinus","Carcharhinus albimarginatus","fish","VU",64,2021,,TRUE,TRUE,
217350,"Chordata","Elasmobranchii","Carcharhiniformes","Carcharhinidae","Carcharhinus","Carcharhinus amblyrhynchoides","fish","VU",2,2010,,TRUE,TRUE,
217337,"Chordata","Elasmobranchii","Carcharhiniformes","Carcharhinidae","Carcharhinus","Carcharhinus amblyrhynchos","fish","EN",30541,2021,,TRUE,TRUE,
217340,"Chordata","Elasmobranchii","Carcharhiniformes","Carcharhinidae","Carcharhinus","Carcharhinus amboinensis","fish","VU",126,2014,,TRUE,TRUE,
217341,"Chordata","Elasmobranchii","Carcharhiniformes","Carcharhinidae","Carcharhinus","Carcharhinus brachyurus","fish","VU",17,2018,,TRUE,TRUE,
105788,"Chordata","Elasmobranchii","Carcharhiniformes","Carcharhinidae","Carcharhinus","Carcharhinus brevipinna","fish","VU",1,,,TRUE,TRUE,
271320,"Chordata","Elasmobranchii","Carcharhiniformes","Carcharhinidae","Carcharhinus","Carcharhinus cautus","fish",,1503,2012,,TRUE,TRUE,
105793,"Chordata","Elasmobranchii","Carcharhiniformes","Carcharhinidae","Carcharhinus","Carcharhinus limbatus","fish","VU",8671,2021,,TRUE,TRUE,
105794,"Chordata","Elasmobranchii","Carcharhiniformes","Carcharhinidae","Carcharhinus","Carcharhinus longimanus","fish","CR",8,2002,,TRUE,FALSE,
217335,"Chordata","Elasmobranchii","Carcharhiniformes","Carcharhinidae","Carcharhinus","Carcharhinus macloti","fish","NT",7,2021,,TRUE,TRUE,
105795,"Chordata","Elasmobranchii","Carcharhiniformes","Carcharhinidae","Carcharhinus","Carcharhinus melanopterus","fish","VU",55316,2019,,TRUE,TRUE,
105796,"Chordata","Elasmobranchii","Carcharhiniformes","Carcharhinidae","Carcharhinus","Carcharhinus obscurus","fish","EN",2708,2020,,TRUE,TRUE,
105797,"Chordata","Elasmobranchii","Carcharhiniformes","Carcharhinidae","Carcharhinus","Carcharhinus plumbeus","fish","EN",18357,2021,,TRUE,TRUE,
217339,"Chordata","Elasmobranchii","Carcharhiniformes","Carcharhinidae","Carcharhinus","Carcharhinus sorrah","fish","NT",28,2009,,TRUE,TRUE,
271325,"Chordata","Elasmobranchii","Carcharhiniformes","Carcharhinidae","Carcharhinus","Carcharhinus tilstoni","fish",,1,2019,,TRUE,TRUE,
280805,"Chordata","Elasmobranchii","Carcharhiniformes","Triakidae","Furgaleus","Furgaleus macki","fish",,2,2018,,TRUE,TRUE,
105799,"Chordata","Elasmobranchii","Carcharhiniformes","Carcharhinidae","Galeocerdo","Galeocerdo cuvier","fish","NT",12255,2021,,TRUE,TRUE,
105820,"Chordata","Elasmobranchii","Carcharhiniformes","Triakidae","Galeorhinus","Galeorhinus galeus","fish","CR",4,2016,,TRUE,TRUE,
398254,"Chordata","Elasmobranchii","Carcharhiniformes","Pentanchidae","Halaelurus","Halaelurus sellus","fish",,1,1972,,TRUE,FALSE,
281023,"Chordata","Elasmobranchii","Carcharhiniformes","Hemigaleidae","Hemigaleus","Hemigaleus australiensis","fish",,2,,,TRUE,FALSE,
281024,"Chordata","Elasmobranchii","Carcharhiniformes","Hemigaleidae","Hemigaleus","Hemigaleus microstoma","fish","VU",1,2006,,TRUE,TRUE,
277427,"Chordata","Elasmobranchii","Carcharhiniformes","Hemigaleidae","Hemipristis","Hemipristis elongata","fish","VU",1,1973,,TRUE,TRUE,
281041,"Chordata","Elasmobranchii","Carcharhiniformes","Triakidae","Hemitriakis","Hemitriakis falcata","fish",,54,2021,,TRUE,TRUE,
220020,"Chordata","Elasmobranchii","Carcharhiniformes","Triakidae","Hypogaleus","Hypogaleus hyugaensis","fish",,7,2019,,TRUE,TRUE,
217355,"Chordata","Elasmobranchii","Carcharhiniformes","Carcharhinidae","Loxodon","Loxodon macrorhinus","fish","NT",69,2021,,TRUE,TRUE,
271380,"Chordata","Elasmobranchii","Carcharhiniformes","Triakidae","Mustelus","Mustelus antarcticus","fish",,12,2020,,TRUE,TRUE,
390093,"Chordata","Elasmobranchii","Carcharhiniformes","Triakidae","Mustelus","Mustelus ravidus","fish",,22,2021,,TRUE,TRUE,
217356,"Chordata","Elasmobranchii","Carcharhiniformes","Carcharhinidae","Negaprion","Negaprion acutidens","fish","EN",46982,2020,,TRUE,TRUE,
105801,"Chordata","Elasmobranchii","Carcharhiniformes","Carcharhinidae","Prionace","Prionace glauca","fish","NT",11,2019,,TRUE,TRUE,
105802,"Chordata","Elasmobranchii","Carcharhiniformes","Carcharhinidae","Rhizoprionodon","Rhizoprionodon acutus","fish","VU",35,2019,,TRUE,TRUE,
271329,"Chordata","Elasmobranchii","Carcharhiniformes","Carcharhinidae","Rhizoprionodon","Rhizoprionodon taylori","fish",,1,2006,,TRUE,TRUE,
1021742,"Chordata","Elasmobranchii","Carcharhiniformes","Carcharhinidae","Scoliodon","Scoliodon macrorhynchos","fish","NT",,,,FALSE,TRUE,
105816,"Chordata","Elasmobranchii","Carcharhiniformes","Sphyrnidae","Sphyrna","Sphyrna lewini","fish","CR",677,2021,,TRUE,TRUE,
105817,"Chordata","Elasmobranchii","Carcharhiniformes","Sphyrnidae","Sphyrna","Sphyrna mokarran","fish","CR",45,2019,,TRUE,TRUE,
214557,"Chordata","Elasmobranchii","Carcharhiniformes","Carcharhinidae","Triaenodon","Triaenodon obesus","fish","VU",9281,2019,,TRUE,TRUE,
276701,"Chordata","Elasmobranchii","Heterodontiformes","Heterodontidae","Heterodontus","Heterodontus zebra","fish",,1,1990,,TRUE,TRUE,
105836,"Chordata","Elasmobranchii","Lamniformes","Alopiidae","Alopias","Alopias vulpinus","fish","VU",1,2000,,TRUE,FALSE,
105843,"Chordata","Elasmobranchii","Lamniformes","Odontaspididae","Carcharias","Carcharias taurus","fish","CR",9,2021,,TRUE,TRUE,
105838,"Chordata","Elasmobranchii","Lamniformes","Lamnidae","Carcharodon","Carcharodon carcharias","fish","VU",5,2013,,TRUE,TRUE,
105839,"Chordata","Elasmobranchii","Lamniformes","Lamnidae","Isurus","Isurus oxyrinchus","fish","EN",6,2002,,TRUE,FALSE,
217632,"Chordata","Elasmobranchii","Lamniformes","Pseudocarchariidae","Pseudocarcharias","Pseudocarcharias kamoharai","fish",,3,2002,,TRUE,FALSE,
217426,"Chordata","Elasmobranchii","Myliobatiformes","Myliobatidae","Aetobatus","Aetobatus narinari","fish","EN",8,2008,,TRUE,TRUE,
278243,"Chordata","Elasmobranchii","Myliobatiformes","Myliobatidae","Aetobatus","Aetobatus ocellatus","fish","VU",1,2012,,TRUE,TRUE,
217427,"Chordata","Elasmobranchii","Myliobatiformes","Myliobatidae","Aetomylaeus","Aetomylaeus vespertilio","fish","EN",,,,FALSE,TRUE,
316573,"Chordata","Elasmobranchii","Myliobatiformes","Dasyatidae","Bathytoshia","Bathytoshia brevicaudata","fish",,,,,FALSE,TRUE,
1018707,"Chordata","Elasmobranchii","Myliobatiformes","Dasyatidae","Bathytoshia","Bathytoshia lata","fish","VU",1,2006,,TRUE,TRUE,
271474,"Chordata","Elasmobranchii","Myliobatiformes","Gymnuridae","Gymnura","Gymnura australis","fish",,11,2006,,TRUE,FALSE,
1006795,"Chordata","Elasmobranchii","Myliobatiformes","Dasyatidae","Himantura","Himantura australis","fish",,1618,2011,,TRUE,TRUE,
398328,"Chordata","Elasmobranchii","Myliobatiformes","Dasyatidae","Himantura","Himantura leoparda","fish","VU",5,2015,,TRUE,TRUE,
105854,"Chordata","Elasmobranchii","Myliobatiformes","Dasyatidae","Himantura","Himantura uarnak","fish","EN",13,2008,,TRUE,TRUE,
1042866,"Chordata","Elasmobranchii","Myliobatiformes","Dasyatidae","Maculabatis","Maculabatis astra","fish",,633,2011,,TRUE,TRUE,
1042871,"Chordata","Elasmobranchii","Myliobatiformes","Myliobatidae","Mobula","Mobula alfredi","fish","VU",1744,2016,,TRUE,TRUE,
1026118,"Chordata","Elasmobranchii","Myliobatiformes","Myliobatidae","Mobula","Mobula birostris","fish","EN",3,2012,,TRUE,TRUE,
271491,"Chordata","Elasmobranchii","Myliobatiformes","Myliobatidae","Myliobatis","Myliobatis tenuicaudatus","fish",,708,2011,,TRUE,TRUE,
1382142,"Chordata","Elasmobranchii","Myliobatiformes","Dasyatidae","Neotrygon","Neotrygon australiae","fish","NT",34,2015,,TRUE,TRUE,
398330,"Chordata","Elasmobranchii","Myliobatiformes","Dasyatidae","Neotrygon","Neotrygon kuhlii","fish",,14,2006,,TRUE,TRUE,
398331,"Chordata","Elasmobranchii","Myliobatiformes","Dasyatidae","Neotrygon","Neotrygon leylandi","fish",,9,2008,,TRUE,TRUE,
712402,"Chordata","Elasmobranchii","Myliobatiformes","Dasyatidae","Neotrygon","Neotrygon ningalooensis","fish",,5,2015,,TRUE,TRUE,
1019891,"Chordata","Elasmobranchii","Myliobatiformes","Dasyatidae","Pastinachus","Pastinachus ater","fish","VU",3803,2015,,TRUE,TRUE,
217419,"Chordata","Elasmobranchii","Myliobatiformes","Dasyatidae","Pastinachus","Pastinachus sephen","fish","NT",15,2008,,TRUE,TRUE,
1043416,"Chordata","Elasmobranchii","Myliobatiformes","Dasyatidae","Pateobatis","Pateobatis fai","fish","VU",1099,2013,,TRUE,TRUE,
1043418,"Chordata","Elasmobranchii","Myliobatiformes","Dasyatidae","Pateobatis","Pateobatis jenkinsii","fish","VU",998,2012,,TRUE,TRUE,
217429,"Chordata","Elasmobranchii","Myliobatiformes","Myliobatidae","Rhinoptera","Rhinoptera javanica","fish","EN",13,2014,,TRUE,FALSE,
217422,"Chordata","Elasmobranchii","Myliobatiformes","Dasyatidae","Taeniura","Taeniura lymma","fish",,1553,2013,,TRUE,TRUE,
712972,"Chordata","Elasmobranchii","Myliobatiformes","Dasyatidae","Taeniurops","Taeniurops meyeni","fish","VU",17,2014,,TRUE,TRUE,
283061,"Chordata","Elasmobranchii","Myliobatiformes","Urolophidae","Trygonoptera","Trygonoptera ovalis","fish",,2,1979,,TRUE,FALSE,
217424,"Chordata","Elasmobranchii","Myliobatiformes","Dasyatidae","Urogymnus","Urogymnus asperrimus","fish","VU",253,2012,,TRUE,TRUE,
989371,"Chordata","Elasmobranchii","Myliobatiformes","Dasyatidae","Urogymnus","Urogymnus granulatus","fish","VU",3,2015,,TRUE,TRUE,
277833,"Chordata","Elasmobranchii","Orectolobiformes","Hemiscylliidae","Chiloscyllium","Chiloscyllium punctatum","fish","NT",1,,,TRUE,FALSE,
298163,"Chordata","Elasmobranchii","Orectolobiformes","Orectolobidae","Eucrossorhinus","Eucrossorhinus dasypogon","fish",,,,,FALSE,TRUE,
105846,"Chordata","Elasmobranchii","Orectolobiformes","Ginglymostomatidae","Ginglymostoma","Ginglymostoma cirratum","fish","VU",,,,FALSE,TRUE,
281039,"Chordata","Elasmobranchii","Orectolobiformes","Hemiscylliidae","Hemiscyllium","Hemiscyllium trispeculare","fish",,6,1954,,TRUE,TRUE,
220030,"Chordata","Elasmobranchii","Orectolobiformes","Ginglymostomatidae","Nebrius","Nebrius ferrugineus","fish","VU",43,2015,,TRUE,TRUE,
281929,"Chordata","Elasmobranchii","Orectolobiformes","Orectolobidae","Orectolobus","Orectolobus hutchinsi","fish",,,,,FALSE,TRUE,
281933,"Chordata","Elasmobranchii","Orectolobiformes","Orectolobidae","Orectolobus","Orectolobus wardi","fish",,1,2007,,TRUE,TRUE,
105847,"Chordata","Elasmobranchii","Orectolobiformes","Rhincodontidae","Rhincodon","Rhincodon typus","fish","EN",4711,2022,,TRUE,TRUE,
313100,"Chordata","Elasmobranchii","Orectolobiformes","Stegostomatidae","Stegostoma","Stegostoma tigrinum","fish","EN",7,2008,,TRUE,TRUE,
398322,"Chordata","Elasmobranchii","Rajiformes","Anacanthobatidae","Sinobatis","Sinobatis caerulea","fish",,1,1991,,TRUE,FALSE,
280875,"Chordata","Elasmobranchii","Rhinopristiformes","Glaucostegidae","Glaucostegus","Glaucostegus typus","fish","CR",250,2011,,TRUE,TRUE,
217375,"Chordata","Elasmobranchii","Rhinopristiformes","Pristidae","Pristis","Pristis zijsron","fish","CR",4,2017,,TRUE,TRUE,
213640,"Chordata","Elasmobranchii","Rhinopristiformes","Rhinobatidae","Rhinobatos","Rhinobatos schlegelii","fish","CR",1,1966,,TRUE,FALSE,
278217,"Chordata","Elasmobranchii","Rhinopristiformes","Rhinobatidae","Rhynchobatus","Rhynchobatus australiae","fish","CR",22,2021,,TRUE,TRUE,
217378,"Chordata","Elasmobranchii","Rhinopristiformes","Rhinobatidae","Rhynchobatus","Rhynchobatus djiddensis","fish","CR",11,2006,,TRUE,TRUE,
278218,"Chordata","Elasmobranchii","Rhinopristiformes","Rhinobatidae","Rhynchobatus","Rhynchobatus laevis","fish","CR",430,2012,,TRUE,TRUE,
398283,"Chordata","Elasmobranchii","Rhinopristiformes","Rhinobatidae","Rhynchobatus","Rhynchobatus palpebratus","fish","NT",3,1954,,TRUE,TRUE,
1020469,"Chordata","Elasmobranchii","Rhinopristiformes","Rhinobatidae","Trygonorrhina","Trygonorrhina dumerilii","fish",,2,1954,,TRUE,TRUE,
398273,"Chordata","Elasmobranchii","Squaliformes","Squalidae","Squalus","Squalus nasutus","fish","NT",1,2006,,TRUE,FALSE,
314648,"Chordata","Elasmobranchii","Torpediniformes","Hypnidae","Hypnos","Hypnos monopterygius","fish",,4,1969,,TRUE,TRUE,
1486855,"Chordata","Elasmobranchii","Torpediniformes","Narcinidae","Narcinops","Narcinops westraliensis","fish",,2,1987,,TRUE,TRUE,
278469,"Chordata","Holocephali","Chimaeriformes","Callorhinchidae","Callorhinchus","Callorhinchus milii","fish",,1,2013,,TRUE,TRUE,
298552,"Chordata","Holocephali","Chimaeriformes","Chimaeridae","Chimaera","Chimaera ogilbyi","fish","NT",1,2001,,TRUE,FALSE,
272958,"Chordata","Teleostei","Acanthuriformes","Acanthuridae","Acanthurus","Acanthurus albipectoralis","fish",,1,2006,,TRUE,TRUE,
219639,"Chordata","Teleostei","Acanthuriformes","Acanthuridae","Acanthurus","Acanthurus blochii","fish",,2,2006,,TRUE,TRUE,
219641,"Chordata","Teleostei","Acanthuriformes","Acanthuridae","Acanthurus","Acanthurus dussumieri","fish",,451,2014,,TRUE,TRUE,
272961,"Chordata","Teleostei","Acanthuriformes","Acanthuridae","Acanthurus","Acanthurus grammoptilus","fish",,496,2021,,TRUE,TRUE,
159582,"Chordata","Teleostei","Acanthuriformes","Acanthuridae","Acanthurus","Acanthurus lineatus","fish",,,,,FALSE,TRUE,
272963,"Chordata","Teleostei","Acanthuriformes","Acanthuridae","Acanthurus","Acanthurus maculiceps","fish",,1,2006,,TRUE,TRUE,
219651,"Chordata","Teleostei","Acanthuriformes","Acanthuridae","Acanthurus","Acanthurus mata","fish",,78,2019,,TRUE,TRUE,
219638,"Chordata","Teleostei","Acanthuriformes","Acanthuridae","Acanthurus","Acanthurus nigricans","fish",,28,2014,,TRUE,TRUE,
219626,"Chordata","Teleostei","Acanthuriformes","Acanthuridae","Acanthurus","Acanthurus nigricauda","fish",,6,2014,,TRUE,TRUE,
219640,"Chordata","Teleostei","Acanthuriformes","Acanthuridae","Acanthurus","Acanthurus nigrofuscus","fish",,9,2014,,TRUE,TRUE,
219625,"Chordata","Teleostei","Acanthuriformes","Acanthuridae","Acanthurus","Acanthurus olivaceus","fish",,185,2014,,TRUE,TRUE,
219648,"Chordata","Teleostei","Acanthuriformes","Acanthuridae","Acanthurus","Acanthurus pyroferus","fish",,3,2014,,TRUE,TRUE,
219646,"Chordata","Teleostei","Acanthuriformes","Acanthuridae","Acanthurus","Acanthurus thompsoni","fish",,1,2006,,TRUE,TRUE,
219630,"Chordata","Teleostei","Acanthuriformes","Acanthuridae","Acanthurus","Acanthurus triostegus","fish",,911,2015,,TRUE,TRUE,
219634,"Chordata","Teleostei","Acanthuriformes","Acanthuridae","Acanthurus","Acanthurus xanthopterus","fish",,,,,FALSE,TRUE,
217962,"Chordata","Teleostei","Acanthuriformes","Caproidae","Antigonia","Antigonia rubescens","fish",,1,2001,,TRUE,FALSE,
211787,"Chordata","Teleostei","Acanthuriformes","Pomacanthidae","Apolemichthys","Apolemichthys trimaculatus","fish",,68,2021,,TRUE,TRUE,
211780,"Chordata","Teleostei","Acanthuriformes","Pomacanthidae","Centropyge","Centropyge bicolor","fish",,1,1983,,TRUE,FALSE,
278833,"Chordata","Teleostei","Acanthuriformes","Pomacanthidae","Centropyge","Centropyge eibli","fish",,3,1976,,TRUE,TRUE,
278851,"Chordata","Teleostei","Acanthuriformes","Pomacanthidae","Centropyge","Centropyge tibicen","fish",,102,2014,,TRUE,TRUE,
278853,"Chordata","Teleostei","Acanthuriformes","Pomacanthidae","Centropyge","Centropyge vrolikii","fish",,1,2006,,TRUE,TRUE,
273322,"Chordata","Teleostei","Acanthuriformes","Chaetodontidae","Chaetodon","Chaetodon adiergastos","fish",,5,2014,,TRUE,TRUE,
273325,"Chordata","Teleostei","Acanthuriformes","Chaetodontidae","Chaetodon","Chaetodon assarius","fish",,68,2019,,TRUE,TRUE,
273326,"Chordata","Teleostei","Acanthuriformes","Chaetodontidae","Chaetodon","Chaetodon aureofasciatus","fish",,16,2014,,TRUE,TRUE,
218730,"Chordata","Teleostei","Acanthuriformes","Chaetodontidae","Chaetodon","Chaetodon auriga","fish",,240,2015,,TRUE,TRUE,
218744,"Chordata","Teleostei","Acanthuriformes","Chaetodontidae","Chaetodon","Chaetodon citrinellus","fish",,192,2014,,TRUE,TRUE,
273335,"Chordata","Teleostei","Acanthuriformes","Chaetodontidae","Chaetodon","Chaetodon ephippium","fish",,,,,FALSE,TRUE,
273341,"Chordata","Teleostei","Acanthuriformes","Chaetodontidae","Chaetodon","Chaetodon guentheri","fish",,1,2006,,TRUE,TRUE,
218722,"Chordata","Teleostei","Acanthuriformes","Chaetodontidae","Chaetodon","Chaetodon guttatissimus","fish",,1,2006,,TRUE,TRUE,
218738,"Chordata","Teleostei","Acanthuriformes","Chaetodontidae","Chaetodon","Chaetodon kleinii","fish",,37,2014,,TRUE,TRUE,
218734,"Chordata","Teleostei","Acanthuriformes","Chaetodontidae","Chaetodon","Chaetodon lineolatus","fish",,106,2014,,TRUE,TRUE,
218733,"Chordata","Teleostei","Acanthuriformes","Chaetodontidae","Chaetodon","Chaetodon lunula","fish",,169,2014,,TRUE,TRUE,
398549,"Chordata","Teleostei","Acanthuriformes","Chaetodontidae","Chaetodon","Chaetodon lunulatus","fish",,46,2014,,TRUE,TRUE,
218743,"Chordata","Teleostei","Acanthuriformes","Chaetodontidae","Chaetodon","Chaetodon melannotus","fish",,,,,FALSE,TRUE,
218752,"Chordata","Teleostei","Acanthuriformes","Chaetodontidae","Chaetodon","Chaetodon meyeri","fish",,3,2014,,TRUE,TRUE,
218756,"Chordata","Teleostei","Acanthuriformes","Chaetodontidae","Chaetodon","Chaetodon ocellicaudus","fish",,1,2006,,TRUE,TRUE,
273352,"Chordata","Teleostei","Acanthuriformes","Chaetodontidae","Chaetodon","Chaetodon ornatissimus","fish",,7,2014,,TRUE,TRUE,
218725,"Chordata","Teleostei","Acanthuriformes","Chaetodontidae","Chaetodon","Chaetodon oxycephalus","fish",,2,2006,,TRUE,FALSE,
273353,"Chordata","Teleostei","Acanthuriformes","Chaetodontidae","Chaetodon","Chaetodon pelewensis","fish",,1,2006,,TRUE,TRUE,
273354,"Chordata","Teleostei","Acanthuriformes","Chaetodontidae","Chaetodon","Chaetodon plebeius","fish",,472,2014,,TRUE,TRUE,
273355,"Chordata","Teleostei","Acanthuriformes","Chaetodontidae","Chaetodon","Chaetodon punctatofasciatus","fish",,22,2014,,TRUE,TRUE,
218740,"Chordata","Teleostei","Acanthuriformes","Chaetodontidae","Chaetodon","Chaetodon speculum","fish",,24,2014,,TRUE,TRUE,
273365,"Chordata","Teleostei","Acanthuriformes","Chaetodontidae","Chaetodon","Chaetodon tricinctus","fish",,1,2006,,TRUE,TRUE,
218719,"Chordata","Teleostei","Acanthuriformes","Chaetodontidae","Chaetodon","Chaetodon trifascialis","fish","NT",176,2014,,TRUE,TRUE,
218741,"Chordata","Teleostei","Acanthuriformes","Chaetodontidae","Chaetodon","Chaetodon trifasciatus","fish",,4,2006,,TRUE,TRUE,
218717,"Chordata","Teleostei","Acanthuriformes","Chaetodontidae","Chaetodon","Chaetodon ulietensis","fish",,1,2006,,TRUE,TRUE,
218753,"Chordata","Teleostei","Acanthuriformes","Chaetodontidae","Chaetodon","Chaetodon unimaculatus","fish",,55,2014,,TRUE,TRUE,
218754,"Chordata","Teleostei","Acanthuriformes","Chaetodontidae","Chaetodon","Chaetodon vagabundus","fish",,13,2006,,TRUE,TRUE,
280118,"Chordata","Teleostei","Acanthuriformes","Pomacanthidae","Chaetodontoplus","Chaetodontoplus duboulayi","fish",,28,2015,,TRUE,TRUE,
280123,"Chordata","Teleostei","Acanthuriformes","Pomacanthidae","Chaetodontoplus","Chaetodontoplus personifer","fish",,97,2021,,TRUE,TRUE,
278682,"Chordata","Teleostei","Acanthuriformes","Chaetodontidae","Chelmon","Chelmon marginalis","fish",,60,2015,,TRUE,TRUE,
280390,"Chordata","Teleostei","Acanthuriformes","Chaetodontidae","Coradion","Coradion altivelis","fish",,1,2006,,TRUE,TRUE,
280391,"Chordata","Teleostei","Acanthuriformes","Chaetodontidae","Coradion","Coradion chrysozonus","fish",,17,2019,,TRUE,TRUE,
219655,"Chordata","Teleostei","Acanthuriformes","Acanthuridae","Ctenochaetus","Ctenochaetus binotatus","fish",,,,,FALSE,TRUE,
219659,"Chordata","Teleostei","Acanthuriformes","Acanthuridae","Ctenochaetus","Ctenochaetus striatus","fish",,422,2014,,TRUE,TRUE,
277563,"Chordata","Teleostei","Acanthuriformes","Acanthuridae","Ctenochaetus","Ctenochaetus truncatus","fish",,1,1976,,TRUE,TRUE,
1526390,"Chordata","Teleostei","Acanthuriformes","Leiognathidae","Deveximentum","Deveximentum insidiator","fish",,6,1958,,TRUE,FALSE,
220046,"Chordata","Teleostei","Acanthuriformes","Drepaneidae","Drepane","Drepane punctata","fish",,7,2010,,TRUE,FALSE,
398517,"Chordata","Teleostei","Acanthuriformes","Leiognathidae","Equulites","Equulites elongatus","fish",,1,1964,,TRUE,FALSE,
398520,"Chordata","Teleostei","Acanthuriformes","Leiognathidae","Equulites","Equulites leuciscus","fish",,4,1954,,TRUE,TRUE,
218760,"Chordata","Teleostei","Acanthuriformes","Chaetodontidae","Forcipiger","Forcipiger flavissimus","fish",,10,2014,,TRUE,TRUE,
218759,"Chordata","Teleostei","Acanthuriformes","Chaetodontidae","Forcipiger","Forcipiger longirostris","fish",,2,2014,,TRUE,TRUE,
218451,"Chordata","Teleostei","Acanthuriformes","Leiognathidae","Gazza","Gazza minuta","fish",,12,1991,,TRUE,FALSE,
211793,"Chordata","Teleostei","Acanthuriformes","Pomacanthidae","Genicanthus","Genicanthus lamarck","fish",,4,2019,,TRUE,TRUE,
218765,"Chordata","Teleostei","Acanthuriformes","Chaetodontidae","Heniochus","Heniochus acuminatus","fish",,462,2021,,TRUE,TRUE,
218763,"Chordata","Teleostei","Acanthuriformes","Chaetodontidae","Heniochus","Heniochus diphreutes","fish",,25,2021,,TRUE,TRUE,
218764,"Chordata","Teleostei","Acanthuriformes","Chaetodontidae","Heniochus","Heniochus monoceros","fish",,2,2014,,TRUE,TRUE,
218766,"Chordata","Teleostei","Acanthuriformes","Chaetodontidae","Heniochus","Heniochus singularius","fish",,2,2006,,TRUE,TRUE,
303762,"Chordata","Teleostei","Acanthuriformes","Leiognathidae","Leiognathus","Leiognathus equula","fish",,4,2010,,TRUE,FALSE,
303772,"Chordata","Teleostei","Acanthuriformes","Leiognathidae","Leiognathus","Leiognathus ruconius","fish",,2,,,TRUE,FALSE,
126973,"Chordata","Teleostei","Acanthuriformes","Lobotidae","Lobotes","Lobotes surinamensis","fish",,1,1988,,TRUE,TRUE,
219673,"Chordata","Teleostei","Acanthuriformes","Acanthuridae","Naso","Naso annulatus","fish",,99,2014,,TRUE,TRUE,
219664,"Chordata","Teleostei","Acanthuriformes","Acanthuridae","Naso","Naso brachycentron","fish",,2,2014,,TRUE,TRUE,
219671,"Chordata","Teleostei","Acanthuriformes","Acanthuridae","Naso","Naso brevirostris","fish",,82,2014,,TRUE,TRUE,
219666,"Chordata","Teleostei","Acanthuriformes","Acanthuridae","Naso","Naso fageni","fish",,538,2021,,TRUE,TRUE,
219667,"Chordata","Teleostei","Acanthuriformes","Acanthuridae","Naso","Naso hexacanthus","fish",,186,2021,,TRUE,TRUE,
219665,"Chordata","Teleostei","Acanthuriformes","Acanthuridae","Naso","Naso lituratus","fish",,54,2014,,TRUE,TRUE,
278008,"Chordata","Teleostei","Acanthuriformes","Acanthuridae","Naso","Naso mcdadei","fish",,31,2021,,TRUE,TRUE,
278010,"Chordata","Teleostei","Acanthuriformes","Acanthuridae","Naso","Naso tonganus","fish",,2,1972,,TRUE,FALSE,
219675,"Chordata","Teleostei","Acanthuriformes","Acanthuridae","Naso","Naso tuberosus","fish",,18,2006,,TRUE,TRUE,
219668,"Chordata","Teleostei","Acanthuriformes","Acanthuridae","Naso","Naso unicornis","fish",,298,2014,,TRUE,TRUE,
219672,"Chordata","Teleostei","Acanthuriformes","Acanthuridae","Naso","Naso vlamingii","fish",,1,2014,,TRUE,TRUE,
398531,"Chordata","Teleostei","Acanthuriformes","Leiognathidae","Nuchequula","Nuchequula gerreoides","fish",,7,2010,,TRUE,FALSE,
398535,"Chordata","Teleostei","Acanthuriformes","Leiognathidae","Nuchequula","Nuchequula nuchalis","fish",,1,,,TRUE,TRUE,
282012,"Chordata","Teleostei","Acanthuriformes","Chaetodontidae","Parachaetodon","Parachaetodon ocellatus","fish",,13,2006,,TRUE,TRUE,
1525942,"Chordata","Teleostei","Acanthuriformes","Leiognathidae","Photolateralis","Photolateralis moretoniensis","fish",,9,1991,,TRUE,FALSE,
398536,"Chordata","Teleostei","Acanthuriformes","Leiognathidae","Photopectoralis","Photopectoralis bindus","fish",,6,1958,,TRUE,FALSE,
218713,"Chordata","Teleostei","Acanthuriformes","Ephippidae","Platax","Platax batavianus","fish",,14,2021,,TRUE,TRUE,
218711,"Chordata","Teleostei","Acanthuriformes","Ephippidae","Platax","Platax orbicularis","fish",,1,1966,,TRUE,TRUE,
218712,"Chordata","Teleostei","Acanthuriformes","Ephippidae","Platax","Platax pinnatus","fish",,2,2006,,TRUE,TRUE,
218710,"Chordata","Teleostei","Acanthuriformes","Ephippidae","Platax","Platax teira","fish",,15,2014,,TRUE,TRUE,
220001,"Chordata","Teleostei","Acanthuriformes","Pomacanthidae","Pomacanthus","Pomacanthus imperator","fish",,41,2021,,TRUE,TRUE,
220003,"Chordata","Teleostei","Acanthuriformes","Pomacanthidae","Pomacanthus","Pomacanthus semicirculatus","fish",,246,2021,,TRUE,TRUE,
276026,"Chordata","Teleostei","Acanthuriformes","Pomacanthidae","Pomacanthus","Pomacanthus sexstriatus","fish",,59,2014,,TRUE,TRUE,
282750,"Chordata","Teleostei","Acanthuriformes","Scatophagidae","Selenotoca","Selenotoca multifasciata","fish",,7,1967,,TRUE,FALSE,
219686,"Chordata","Teleostei","Acanthuriformes","Siganidae","Siganus","Siganus argenteus","fish",,366,2014,,TRUE,TRUE,
219687,"Chordata","Teleostei","Acanthuriformes","Siganidae","Siganus","Siganus canaliculatus","fish",,2,1972,,TRUE,FALSE,
219690,"Chordata","Teleostei","Acanthuriformes","Siganidae","Siganus","Siganus corallinus","fish",,,,,FALSE,TRUE,
273911,"Chordata","Teleostei","Acanthuriformes","Siganidae","Siganus","Siganus doliatus","fish",,44,2015,,TRUE,TRUE,
273912,"Chordata","Teleostei","Acanthuriformes","Siganidae","Siganus","Siganus fuscescens","fish",,266,2015,,TRUE,TRUE,
273916,"Chordata","Teleostei","Acanthuriformes","Siganidae","Siganus","Siganus lineatus","fish",,16,2014,,TRUE,TRUE,
273921,"Chordata","Teleostei","Acanthuriformes","Siganidae","Siganus","Siganus punctatissimus","fish",,4,2014,,TRUE,TRUE,
273922,"Chordata","Teleostei","Acanthuriformes","Siganidae","Siganus","Siganus punctatus","fish",,25,2014,,TRUE,TRUE,
127045,"Chordata","Teleostei","Acanthuriformes","Siganidae","Siganus","Siganus rivulatus","fish",,,,,FALSE,TRUE,
219689,"Chordata","Teleostei","Acanthuriformes","Siganidae","Siganus","Siganus spinus","fish",,3,1972,,TRUE,FALSE,
273924,"Chordata","Teleostei","Acanthuriformes","Siganidae","Siganus","Siganus trispilos","fish",,40,2014,,TRUE,TRUE,
273928,"Chordata","Teleostei","Acanthuriformes","Siganidae","Siganus","Siganus virgatus","fish",,,,,FALSE,TRUE,
273929,"Chordata","Teleostei","Acanthuriformes","Siganidae","Siganus","Siganus vulpinus","fish",,2,2006,,TRUE,TRUE,
283201,"Chordata","Teleostei","Acanthuriformes","Ephippidae","Zabidius","Zabidius novemaculeatus","fish",,6,2014,,TRUE,TRUE,
220083,"Chordata","Teleostei","Acanthuriformes","Zanclidae","Zanclus","Zanclus cornutus","fish",,62,2014,,TRUE,TRUE,
219679,"Chordata","Teleostei","Acanthuriformes","Acanthuridae","Zebrasoma","Zebrasoma scopas","fish",,138,2014,,TRUE,TRUE,
712902,"Chordata","Teleostei","Acanthuriformes","Acanthuridae","Zebrasoma","Zebrasoma velifer","fish",,18,2014,,TRUE,TRUE,
220048,"Chordata","Teleostei","Acropomatiformes","Acropomatidae","Acropoma","Acropoma japonicum","fish",,3,2005,,TRUE,TRUE,
279860,"Chordata","Teleostei","Acropomatiformes","Banjosidae","Banjos","Banjos banjos","fish",,1,,,TRUE,FALSE,
278640,"Chordata","Teleostei","Acropomatiformes","Champsodontidae","Champsodon","Champsodon atridorsalis","fish",,,,,FALSE,TRUE,
220338,"Chordata","Teleostei","Acropomatiformes","Champsodontidae","Champsodon","Champsodon nudivittis","fish",,1,1963,,TRUE,FALSE,
278648,"Chordata","Teleostei","Acropomatiformes","Champsodontidae","Champsodon","Champsodon vorax","fish",,1,1963,,TRUE,TRUE,
279189,"Chordata","Teleostei","Acropomatiformes","Glaucosomatidae","Glaucosoma","Glaucosoma buergeri","fish",,18,2021,,TRUE,TRUE,
279190,"Chordata","Teleostei","Acropomatiformes","Glaucosomatidae","Glaucosoma","Glaucosoma hebraicum","fish",,2,1966,,TRUE,TRUE,
279191,"Chordata","Teleostei","Acropomatiformes","Glaucosomatidae","Glaucosoma","Glaucosoma magnificum","fish",,17,2014,,TRUE,TRUE,
279192,"Chordata","Teleostei","Acropomatiformes","Glaucosomatidae","Glaucosoma","Glaucosoma scapulare","fish",,1,1972,,TRUE,FALSE,
277886,"Chordata","Teleostei","Acropomatiformes","Creediidae","Limnichthys","Limnichthys fasciatus","fish",,2,1983,,TRUE,FALSE,
281509,"Chordata","Teleostei","Acropomatiformes","Acropomatidae","Malakichthys","Malakichthys barbatus","fish",,2,2005,,TRUE,FALSE,
281510,"Chordata","Teleostei","Acropomatiformes","Acropomatidae","Malakichthys","Malakichthys elegans","fish",,1,,,TRUE,FALSE,
218698,"Chordata","Teleostei","Acropomatiformes","Pempheridae","Parapriacanthus","Parapriacanthus ransonneti","fish",,3,1975,,TRUE,TRUE,
1486848,"Chordata","Teleostei","Acropomatiformes","Acropomatidae","Parascombrops","Parascombrops serratospinosus","fish",,8,2005,,TRUE,TRUE,
277057,"Chordata","Teleostei","Acropomatiformes","Pempheridae","Pempheris","Pempheris analis","fish",,14,2006,,TRUE,TRUE,
218703,"Chordata","Teleostei","Acropomatiformes","Pempheridae","Pempheris","Pempheris mangula","fish",,3,1983,,TRUE,FALSE,
277061,"Chordata","Teleostei","Acropomatiformes","Pempheridae","Pempheris","Pempheris molucca","fish",,,,,FALSE,TRUE,
277062,"Chordata","Teleostei","Acropomatiformes","Pempheridae","Pempheris","Pempheris multiradiata","fish",,,,,FALSE,TRUE,
277064,"Chordata","Teleostei","Acropomatiformes","Pempheridae","Pempheris","Pempheris ornata","fish",,1,1977,,TRUE,FALSE,
218700,"Chordata","Teleostei","Acropomatiformes","Pempheridae","Pempheris","Pempheris oualensis","fish",,,,,FALSE,TRUE,
218699,"Chordata","Teleostei","Acropomatiformes","Pempheridae","Pempheris","Pempheris schwenkii","fish",,6,2006,,TRUE,TRUE,
277071,"Chordata","Teleostei","Acropomatiformes","Pempheridae","Pempheris","Pempheris ypsilychnus","fish",,11,1975,,TRUE,TRUE,
221430,"Chordata","Teleostei","Acropomatiformes","Polyprionidae","Polyprion","Polyprion oxygeneios","fish",,1,2000,,TRUE,FALSE,
367291,"Chordata","Teleostei","Acropomatiformes","Acropomatidae","Synagrops","Synagrops japonicus","fish",,1,2005,,TRUE,TRUE,
275407,"Chordata","Teleostei","Albuliformes","Albulidae","Albula","Albula argentea","fish",,5,2006,,TRUE,TRUE,
272880,"Chordata","Teleostei","Alepocephaliformes","Alepocephalidae","Rouleina","Rouleina guentheri","fish",,1,2001,,TRUE,FALSE,
126711,"Chordata","Teleostei","Alepocephaliformes","Alepocephalidae","Talismania","Talismania antillarum","fish",,2,1991,,TRUE,FALSE,
276872,"Chordata","Teleostei","Anguilliformes","Congridae","Bathycongrus","Bathycongrus odontostomus","fish",,1,2005,,TRUE,FALSE,
271740,"Chordata","Teleostei","Anguilliformes","Congridae","Bathyuroconger","Bathyuroconger parvibranchialis","fish",,2,2005,,TRUE,FALSE,
279125,"Chordata","Teleostei","Anguilliformes","Ophichthidae","Brachysomophis","Brachysomophis cirrocheilos","fish",,1,1988,,TRUE,FALSE,
217565,"Chordata","Teleostei","Anguilliformes","Ophichthidae","Callechelys","Callechelys marmorata","fish",,1,1987,,TRUE,TRUE,
276794,"Chordata","Teleostei","Anguilliformes","Ophichthidae","Cirrhimuraena","Cirrhimuraena calamus","fish",,2,1987,,TRUE,TRUE,
217545,"Chordata","Teleostei","Anguilliformes","Congridae","Conger","Conger cinereus","fish",,8,1995,,TRUE,TRUE,
272011,"Chordata","Teleostei","Anguilliformes","Synaphobranchidae","Dysomma","Dysomma melanurum","fish",,,,,FALSE,TRUE,
217469,"Chordata","Teleostei","Anguilliformes","Muraenidae","Echidna","Echidna nebulosa","fish",,4,1963,,TRUE,TRUE,
217467,"Chordata","Teleostei","Anguilliformes","Muraenidae","Echidna","Echidna polyzona","fish",,1,1983,,TRUE,FALSE,
217473,"Chordata","Teleostei","Anguilliformes","Muraenidae","Enchelycore","Enchelycore bayeri","fish",,1,1993,,TRUE,TRUE,
217476,"Chordata","Teleostei","Anguilliformes","Muraenidae","Gymnomuraena","Gymnomuraena zebra","fish",,,,,FALSE,TRUE,
217479,"Chordata","Teleostei","Anguilliformes","Muraenidae","Gymnothorax","Gymnothorax buroensis","fish",,2,1977,,TRUE,TRUE,
217496,"Chordata","Teleostei","Anguilliformes","Muraenidae","Gymnothorax","Gymnothorax eurostus","fish",,9,1993,,TRUE,TRUE,
217509,"Chordata","Teleostei","Anguilliformes","Muraenidae","Gymnothorax","Gymnothorax favagineus","fish",,,,,FALSE,TRUE,
217495,"Chordata","Teleostei","Anguilliformes","Muraenidae","Gymnothorax","Gymnothorax flavimarginatus","fish",,24,2006,,TRUE,TRUE,
271836,"Chordata","Teleostei","Anguilliformes","Muraenidae","Gymnothorax","Gymnothorax fuscomaculatus","fish",,,,,FALSE,TRUE,
271842,"Chordata","Teleostei","Anguilliformes","Muraenidae","Gymnothorax","Gymnothorax isingteena","fish",,,,,FALSE,TRUE,
217502,"Chordata","Teleostei","Anguilliformes","Muraenidae","Gymnothorax","Gymnothorax javanicus","fish",,79,2021,,TRUE,TRUE,
217503,"Chordata","Teleostei","Anguilliformes","Muraenidae","Gymnothorax","Gymnothorax meleagris","fish",,,,,FALSE,TRUE,
217488,"Chordata","Teleostei","Anguilliformes","Muraenidae","Gymnothorax","Gymnothorax nudivomer","fish",,4,2019,,TRUE,TRUE,
217491,"Chordata","Teleostei","Anguilliformes","Muraenidae","Gymnothorax","Gymnothorax pictus","fish",,2,1980,,TRUE,TRUE,
271873,"Chordata","Teleostei","Anguilliformes","Muraenidae","Gymnothorax","Gymnothorax prasinus","fish",,1,1989,,TRUE,FALSE,
271874,"Chordata","Teleostei","Anguilliformes","Muraenidae","Gymnothorax","Gymnothorax prionodon","fish",,1,2019,,TRUE,TRUE,
271878,"Chordata","Teleostei","Anguilliformes","Muraenidae","Gymnothorax","Gymnothorax pseudothyrsoideus","fish",,3,2015,,TRUE,TRUE,
271889,"Chordata","Teleostei","Anguilliformes","Muraenidae","Gymnothorax","Gymnothorax thyrsoideus","fish",,8,2019,,TRUE,TRUE,
217508,"Chordata","Teleostei","Anguilliformes","Muraenidae","Gymnothorax","Gymnothorax undulatus","fish",,23,2021,,TRUE,TRUE,
271893,"Chordata","Teleostei","Anguilliformes","Muraenidae","Gymnothorax","Gymnothorax woodwardi","fish",,1,,,TRUE,FALSE,
217506,"Chordata","Teleostei","Anguilliformes","Muraenidae","Gymnothorax","Gymnothorax zonipectis","fish",,2,1975,,TRUE,FALSE,
217552,"Chordata","Teleostei","Anguilliformes","Congridae","Heteroconger","Heteroconger hassi","fish",,156,2019,,TRUE,TRUE,
279114,"Chordata","Teleostei","Anguilliformes","Ophichthidae","Ichthyapus","Ichthyapus vulturis","fish",,1,1987,,TRUE,TRUE,
217572,"Chordata","Teleostei","Anguilliformes","Ophichthidae","Leiuranus","Leiuranus semicinctus","fish",,3,1987,,TRUE,TRUE,
126296,"Chordata","Teleostei","Anguilliformes","Muraenesocidae","Muraenesox","Muraenesox cinereus","fish",,3,,,TRUE,FALSE,
217579,"Chordata","Teleostei","Anguilliformes","Ophichthidae","Myrichthys","Myrichthys colubrinus","fish",,1,1987,,TRUE,TRUE,
217578,"Chordata","Teleostei","Anguilliformes","Ophichthidae","Myrichthys","Myrichthys maculosus","fish",,,,,FALSE,TRUE,
271937,"Chordata","Teleostei","Anguilliformes","Ophichthidae","Ophichthus","Ophichthus altipennis","fish",,1,1987,,TRUE,TRUE,
271946,"Chordata","Teleostei","Anguilliformes","Ophichthidae","Ophichthus","Ophichthus cephalozona","fish",,1,,,TRUE,FALSE,
271981,"Chordata","Teleostei","Anguilliformes","Ophichthidae","Ophichthus","Ophichthus rutidoderma","fish",,2,,,TRUE,FALSE,
217594,"Chordata","Teleostei","Anguilliformes","Ophichthidae","Pisodonophis","Pisodonophis cancrivorus","fish",,1,,,TRUE,FALSE,
282715,"Chordata","Teleostei","Anguilliformes","Ophichthidae","Scolecenchelys","Scolecenchelys gymnota","fish",,1,1957,,TRUE,FALSE,
282717,"Chordata","Teleostei","Anguilliformes","Ophichthidae","Scolecenchelys","Scolecenchelys laticaudata","fish",,4,1985,,TRUE,TRUE,
282718,"Chordata","Teleostei","Anguilliformes","Ophichthidae","Scolecenchelys","Scolecenchelys macroptera","fish",,20,1963,,TRUE,FALSE,
212042,"Chordata","Teleostei","Anguilliformes","Muraenidae","Uropterygius","Uropterygius concolor","fish",,4,2019,,TRUE,TRUE,
278947,"Chordata","Teleostei","Anguilliformes","Ophichthidae","Yirrkala","Yirrkala chaselingi","fish",,2,,,TRUE,FALSE,
272034,"Chordata","Teleostei","Atheriniformes","Atherinidae","Atherinomorus","Atherinomorus endrachtensis","fish",,3,2010,,TRUE,FALSE,
126331,"Chordata","Teleostei","Atheriniformes","Atherinidae","Atherinomorus","Atherinomorus lacunosus","fish",,2,,,TRUE,FALSE,
272039,"Chordata","Teleostei","Atheriniformes","Atherinidae","Atherinomorus","Atherinomorus vaigiensis","fish",,15,2010,,TRUE,TRUE,
280415,"Chordata","Teleostei","Atheriniformes","Atherinidae","Craterocephalus","Craterocephalus capreoli","fish",,4,2010,,TRUE,TRUE,
280418,"Chordata","Teleostei","Atheriniformes","Atherinidae","Craterocephalus","Craterocephalus mugiloides","fish",,5,1987,,TRUE,TRUE,
280420,"Chordata","Teleostei","Atheriniformes","Atherinidae","Craterocephalus","Craterocephalus pauciradiatus","fish",,6,1995,,TRUE,TRUE,
217884,"Chordata","Teleostei","Atheriniformes","Atherinidae","Hypoatherina","Hypoatherina barnesi","fish",,,,,FALSE,TRUE,
217883,"Chordata","Teleostei","Atheriniformes","Atherinidae","Hypoatherina","Hypoatherina temminckii","fish",,3,1995,,TRUE,TRUE,
318742,"Chordata","Teleostei","Aulopiformes","Aulopidae","Latropiscis","Latropiscis purpurissatus","fish",,1,,,TRUE,FALSE,
712461,"Chordata","Teleostei","Aulopiformes","Paraulopidae","Paraulopus","Paraulopus longianalis","fish",,4,2005,,TRUE,TRUE,
272108,"Chordata","Teleostei","Aulopiformes","Synodontidae","Saurida","Saurida argentea","fish",,2,1991,,TRUE,FALSE,
217662,"Chordata","Teleostei","Aulopiformes","Synodontidae","Saurida","Saurida gracilis","fish",,6,1996,,TRUE,TRUE,
217664,"Chordata","Teleostei","Aulopiformes","Synodontidae","Saurida","Saurida nebulosa","fish",,4,1980,,TRUE,TRUE,
126371,"Chordata","Teleostei","Aulopiformes","Synodontidae","Saurida","Saurida undosquamis","fish",,83,2019,,TRUE,TRUE,
217674,"Chordata","Teleostei","Aulopiformes","Synodontidae","Synodus","Synodus binotatus","fish",,,,,FALSE,TRUE,
217667,"Chordata","Teleostei","Aulopiformes","Synodontidae","Synodus","Synodus dermatogenys","fish",,1,2006,,TRUE,TRUE,
217668,"Chordata","Teleostei","Aulopiformes","Synodontidae","Synodus","Synodus hoshinonis","fish",,3,1958,,TRUE,FALSE,
217673,"Chordata","Teleostei","Aulopiformes","Synodontidae","Synodus","Synodus jaculum","fish",,1,,,TRUE,TRUE,
272138,"Chordata","Teleostei","Aulopiformes","Synodontidae","Synodus","Synodus sageneus","fish",,3,1991,,TRUE,TRUE,
217670,"Chordata","Teleostei","Aulopiformes","Synodontidae","Synodus","Synodus variegatus","fish",,10,2006,,TRUE,TRUE,
158884,"Chordata","Teleostei","Aulopiformes","Synodontidae","Trachinocephalus","Trachinocephalus myops","fish",,8,2014,,TRUE,TRUE,
279879,"Chordata","Teleostei","Batrachoidiformes","Batrachoididae","Batrachomoeus","Batrachomoeus dahli","fish",,1,1995,,TRUE,FALSE,
279881,"Chordata","Teleostei","Batrachoidiformes","Batrachoididae","Batrachomoeus","Batrachomoeus occidentalis","fish",,6,1979,,TRUE,TRUE,
279883,"Chordata","Teleostei","Batrachoidiformes","Batrachoididae","Batrachomoeus","Batrachomoeus trispinosus","fish",,2,1972,,TRUE,FALSE,
280985,"Chordata","Teleostei","Batrachoidiformes","Batrachoididae","Halophryne","Halophryne diemensis","fish",,23,1995,,TRUE,TRUE,
280987,"Chordata","Teleostei","Batrachoidiformes","Batrachoididae","Halophryne","Halophryne ocellatus","fish",,10,1979,,TRUE,TRUE,
159246,"Chordata","Teleostei","Beloniformes","Belonidae","Ablennes","Ablennes hians","fish",,2,1987,,TRUE,FALSE,
293547,"Chordata","Teleostei","Beloniformes","Hemiramphidae","Arrhamphus","Arrhamphus sclerolepis","fish",,5,2010,,TRUE,FALSE,
126389,"Chordata","Teleostei","Beloniformes","Hemiramphidae","Hemiramphus","Hemiramphus far","fish",,1,1977,,TRUE,TRUE,
272177,"Chordata","Teleostei","Beloniformes","Hemiramphidae","Hemiramphus","Hemiramphus robustus","fish",,1,2010,,TRUE,FALSE,
213170,"Chordata","Teleostei","Beloniformes","Hemiramphidae","Hyporhamphus","Hyporhamphus affinis","fish",,5,2003,,TRUE,TRUE,
272186,"Chordata","Teleostei","Beloniformes","Hemiramphidae","Hyporhamphus","Hyporhamphus melanochir","fish",,1,,,TRUE,FALSE,
272192,"Chordata","Teleostei","Beloniformes","Hemiramphidae","Hyporhamphus","Hyporhamphus quoyi","fish",,1,1996,,TRUE,TRUE,
217872,"Chordata","Teleostei","Beloniformes","Exocoetidae","Parexocoetus","Parexocoetus brachypterus","fish",,1,1995,,TRUE,TRUE,
275986,"Chordata","Teleostei","Beloniformes","Belonidae","Strongylura","Strongylura strongylura","fish",,3,2010,,TRUE,FALSE,
159259,"Chordata","Teleostei","Beloniformes","Belonidae","Tylosurus","Tylosurus crocodilus","fish",,9,2006,,TRUE,TRUE,
272146,"Chordata","Teleostei","Beloniformes","Belonidae","Tylosurus","Tylosurus gavialoides","fish",,4,2015,,TRUE,TRUE,
276892,"Chordata","Teleostei","Beryciformes","Berycidae","Centroberyx","Centroberyx australis","fish",,1,1977,,TRUE,TRUE,
219243,"Chordata","Teleostei","Blenniiformes","Blenniidae","Aspidontus","Aspidontus dussumieri","fish",,12,2006,,TRUE,TRUE,
219242,"Chordata","Teleostei","Blenniiformes","Blenniidae","Aspidontus","Aspidontus taeniatus","fish",,3,2006,,TRUE,TRUE,
293549,"Chordata","Teleostei","Blenniiformes","Blenniidae","Atrosalarias","Atrosalarias fuscus","fish",,,,,FALSE,TRUE,
712834,"Chordata","Teleostei","Blenniiformes","Blenniidae","Atrosalarias","Atrosalarias holomelas","fish",,,,,FALSE,TRUE,
219248,"Chordata","Teleostei","Blenniiformes","Blenniidae","Blenniella","Blenniella chrysospilos","fish",,3,1975,,TRUE,TRUE,
219257,"Chordata","Teleostei","Blenniiformes","Blenniidae","Cirripectes","Cirripectes filamentosus","fish",,7,1993,,TRUE,TRUE,
276719,"Chordata","Teleostei","Blenniiformes","Blenniidae","Cirripectes","Cirripectes hutchinsi","fish",,8,1996,,TRUE,TRUE,
280437,"Chordata","Teleostei","Blenniiformes","Blenniidae","Crossosalarias","Crossosalarias macrospilus","fish",,,,,FALSE,TRUE,
277652,"Chordata","Teleostei","Blenniiformes","Blenniidae","Ecsenius","Ecsenius bicolor","fish",,18,2014,,TRUE,TRUE,
219272,"Chordata","Teleostei","Blenniiformes","Blenniidae","Ecsenius","Ecsenius lineatus","fish",,3,1975,,TRUE,FALSE,
277662,"Chordata","Teleostei","Blenniiformes","Blenniidae","Ecsenius","Ecsenius lividanalis","fish",,,,,FALSE,TRUE,
219271,"Chordata","Teleostei","Blenniiformes","Blenniidae","Ecsenius","Ecsenius midas","fish",,1,2014,,TRUE,TRUE,
277670,"Chordata","Teleostei","Blenniiformes","Blenniidae","Ecsenius","Ecsenius oculatus","fish",,11,1993,,TRUE,TRUE,
277692,"Chordata","Teleostei","Blenniiformes","Blenniidae","Ecsenius","Ecsenius yaeyamaensis","fish",,13,1993,,TRUE,TRUE,
276885,"Chordata","Teleostei","Blenniiformes","Blenniidae","Enchelyurus","Enchelyurus kraussii","fish",,1,1993,,TRUE,TRUE,
277310,"Chordata","Teleostei","Blenniiformes","Tripterygiidae","Enneapterygius","Enneapterygius gracilis","fish",,4,1972,,TRUE,TRUE,
277317,"Chordata","Teleostei","Blenniiformes","Tripterygiidae","Enneapterygius","Enneapterygius larsonae","fish",,5,1995,,TRUE,TRUE,
277331,"Chordata","Teleostei","Blenniiformes","Tripterygiidae","Enneapterygius","Enneapterygius philippinus","fish",,15,1985,,TRUE,TRUE,
219180,"Chordata","Teleostei","Blenniiformes","Tripterygiidae","Enneapterygius","Enneapterygius tutuilae","fish",,8,1993,,TRUE,TRUE,
277246,"Chordata","Teleostei","Blenniiformes","Blenniidae","Entomacrodus","Entomacrodus decussatus","fish",,2,1977,,TRUE,TRUE,
219282,"Chordata","Teleostei","Blenniiformes","Blenniidae","Entomacrodus","Entomacrodus striatus","fish",,23,1987,,TRUE,TRUE,
219285,"Chordata","Teleostei","Blenniiformes","Blenniidae","Entomacrodus","Entomacrodus thalassinus","fish",,2,1993,,TRUE,TRUE,
219286,"Chordata","Teleostei","Blenniiformes","Blenniidae","Exallias","Exallias brevis","fish",,2,1977,,TRUE,TRUE,
219287,"Chordata","Teleostei","Blenniiformes","Blenniidae","Glyptoparus","Glyptoparus delicatulus","fish",,1,1993,,TRUE,TRUE,
279231,"Chordata","Teleostei","Blenniiformes","Tripterygiidae","Helcogramma","Helcogramma decurrens","fish",,7,1983,,TRUE,TRUE,
313206,"Chordata","Teleostei","Blenniiformes","Tripterygiidae","Helcogramma","Helcogramma striata","fish",,10,1980,,TRUE,TRUE,
219294,"Chordata","Teleostei","Blenniiformes","Blenniidae","Istiblennius","Istiblennius edentulus","fish",,29,1987,,TRUE,TRUE,
219296,"Chordata","Teleostei","Blenniiformes","Blenniidae","Istiblennius","Istiblennius lineatus","fish",,29,1980,,TRUE,TRUE,
278381,"Chordata","Teleostei","Blenniiformes","Blenniidae","Istiblennius","Istiblennius meleagris","fish",,31,1995,,TRUE,TRUE,
219305,"Chordata","Teleostei","Blenniiformes","Blenniidae","Laiphognathus","Laiphognathus multimaculatus","fish",,2,1983,,TRUE,FALSE,
279310,"Chordata","Teleostei","Blenniiformes","Blenniidae","Meiacanthus","Meiacanthus grammistes","fish",,11,2014,,TRUE,TRUE,
219185,"Chordata","Teleostei","Blenniiformes","Tripterygiidae","Norfolkia","Norfolkia brachylepis","fish",,8,1983,,TRUE,TRUE,
276729,"Chordata","Teleostei","Blenniiformes","Tripterygiidae","Norfolkia","Norfolkia thomasi","fish",,,,,FALSE,TRUE,
278016,"Chordata","Teleostei","Blenniiformes","Blenniidae","Omobranchus","Omobranchus germaini","fish",,7,1995,,TRUE,TRUE,
219320,"Chordata","Teleostei","Blenniiformes","Blenniidae","Omobranchus","Omobranchus punctatus","fish",,2,1963,,TRUE,FALSE,
278022,"Chordata","Teleostei","Blenniiformes","Blenniidae","Omobranchus","Omobranchus rotundiceps","fish",,6,1995,,TRUE,TRUE,
302173,"Chordata","Teleostei","Blenniiformes","Blenniidae","Parablennius","Parablennius postoculomaculatus","fish",,10,1995,,TRUE,TRUE,
219331,"Chordata","Teleostei","Blenniiformes","Blenniidae","Petroscirtes","Petroscirtes breviceps","fish",,7,1996,,TRUE,TRUE,
219329,"Chordata","Teleostei","Blenniiformes","Blenniidae","Petroscirtes","Petroscirtes mitratus","fish",,14,1985,,TRUE,TRUE,
219334,"Chordata","Teleostei","Blenniiformes","Blenniidae","Plagiotremus","Plagiotremus rhinorhynchos","fish",,29,2014,,TRUE,TRUE,
219335,"Chordata","Teleostei","Blenniiformes","Blenniidae","Plagiotremus","Plagiotremus tapeinosoma","fish",,3,2014,,TRUE,TRUE,
219340,"Chordata","Teleostei","Blenniiformes","Blenniidae","Salarias","Salarias fasciatus","fish",,12,2006,,TRUE,TRUE,
278376,"Chordata","Teleostei","Blenniiformes","Blenniidae","Salarias","Salarias ramosus","fish",,1,,,TRUE,TRUE,
278378,"Chordata","Teleostei","Blenniiformes","Blenniidae","Salarias","Salarias sexfilum","fish",,5,1995,,TRUE,FALSE,
277937,"Chordata","Teleostei","Blenniiformes","Blenniidae","Stanulus","Stanulus talboti","fish",,2,1993,,TRUE,TRUE,
219345,"Chordata","Teleostei","Blenniiformes","Blenniidae","Xiphasia","Xiphasia setifer","fish",,3,1961,,TRUE,FALSE,
273163,"Chordata","Teleostei","Callionymiformes","Callionymidae","Callionymus","Callionymus australis","fish",,2,2005,,TRUE,TRUE,
273177,"Chordata","Teleostei","Callionymiformes","Callionymidae","Callionymus","Callionymus draconis","fish",,1,1962,,TRUE,FALSE,
273178,"Chordata","Teleostei","Callionymiformes","Callionymidae","Callionymus","Callionymus enneactis","fish",,11,1972,,TRUE,TRUE,
273184,"Chordata","Teleostei","Callionymiformes","Callionymidae","Callionymus","Callionymus goodladi","fish",,6,1991,,TRUE,FALSE,
273185,"Chordata","Teleostei","Callionymiformes","Callionymidae","Callionymus","Callionymus grossi","fish",,15,2013,,TRUE,TRUE,
273195,"Chordata","Teleostei","Callionymiformes","Callionymidae","Callionymus","Callionymus leucobranchialis","fish",,1,2005,,TRUE,TRUE,
273229,"Chordata","Teleostei","Callionymiformes","Callionymidae","Callionymus","Callionymus sublaevis","fish",,2,1972,,TRUE,TRUE,
278368,"Chordata","Teleostei","Callionymiformes","Callionymidae","Dactylopus","Dactylopus dactylopus","fish",,25,1991,,TRUE,TRUE,
273251,"Chordata","Teleostei","Callionymiformes","Callionymidae","Synchiropus","Synchiropus morrisoni","fish",,3,1995,,TRUE,TRUE,
273258,"Chordata","Teleostei","Callionymiformes","Callionymidae","Synchiropus","Synchiropus rameus","fish",,1,1972,,TRUE,FALSE,
280639,"Chordata","Teleostei","Carangaria incertae sedis","Polynemidae","Eleutheronema","Eleutheronema tetradactylum","fish",,1,2011,,TRUE,TRUE,
281123,"Chordata","Teleostei","Carangaria incertae sedis","Latidae","Hypopterus","Hypopterus macropterus","fish",,2,,,TRUE,FALSE,
278957,"Chordata","Teleostei","Carangaria incertae sedis","Latidae","Lates","Lates calcarifer","fish",,11,2011,,TRUE,TRUE,
218450,"Chordata","Teleostei","Carangaria incertae sedis","Menidae","Mene","Mene maculata","fish",,2,,,TRUE,TRUE,
276594,"Chordata","Teleostei","Carangaria incertae sedis","Polynemidae","Polydactylus","Polydactylus multiradiatus","fish",,15,1991,,TRUE,TRUE,
218911,"Chordata","Teleostei","Carangaria incertae sedis","Polynemidae","Polydactylus","Polydactylus plebeius","fish",,8,2006,,TRUE,TRUE,
282395,"Chordata","Teleostei","Carangaria incertae sedis","Latidae","Psammoperca","Psammoperca waigiensis","fish",,17,2006,,TRUE,TRUE,
345843,"Chordata","Teleostei","Carangaria incertae sedis","Sphyraenidae","Sphyraena","Sphyraena barracuda","fish",,18,2014,,TRUE,TRUE,
212051,"Chordata","Teleostei","Carangaria incertae sedis","Sphyraenidae","Sphyraena","Sphyraena flavicauda","fish",,1,2006,,TRUE,TRUE,
212047,"Chordata","Teleostei","Carangaria incertae sedis","Sphyraenidae","Sphyraena","Sphyraena forsteri","fish",,1,2006,,TRUE,TRUE,
212045,"Chordata","Teleostei","Carangaria incertae sedis","Sphyraenidae","Sphyraena","Sphyraena jello","fish",,8,2021,,TRUE,TRUE,
273982,"Chordata","Teleostei","Carangaria incertae sedis","Sphyraenidae","Sphyraena","Sphyraena lucasana","fish",,,,,FALSE,TRUE,
212056,"Chordata","Teleostei","Carangaria incertae sedis","Sphyraenidae","Sphyraena","Sphyraena obtusata","fish",,8,1991,,TRUE,TRUE,
212049,"Chordata","Teleostei","Carangaria incertae sedis","Sphyraenidae","Sphyraena","Sphyraena qenie","fish",,21,2019,,TRUE,TRUE,
159629,"Chordata","Teleostei","Carangiformes","Carangidae","Alectis","Alectis ciliaris","fish",,1,1986,,TRUE,TRUE,
401562,"Chordata","Teleostei","Carangiformes","Carangidae","Alectis","Alectis indica","fish",,11,1958,,TRUE,TRUE,
273267,"Chordata","Teleostei","Carangiformes","Carangidae","Alepes","Alepes apercna","fish",,3,1987,,TRUE,FALSE,
218383,"Chordata","Teleostei","Carangiformes","Carangidae","Alepes","Alepes vari","fish",,147,2014,,TRUE,TRUE,
218384,"Chordata","Teleostei","Carangiformes","Carangidae","Atule","Atule mate","fish",,27,2014,,TRUE,TRUE,
218394,"Chordata","Teleostei","Carangiformes","Carangidae","Carangoides","Carangoides armatus","fish",,1,1954,,TRUE,TRUE,
218396,"Chordata","Teleostei","Carangiformes","Carangidae","Carangoides","Carangoides chrysophrys","fish",,764,2021,,TRUE,TRUE,
276241,"Chordata","Teleostei","Carangiformes","Carangidae","Carangoides","Carangoides coeruleopinnatus","fish",,162,2021,,TRUE,TRUE,
218390,"Chordata","Teleostei","Carangiformes","Carangidae","Carangoides","Carangoides equula","fish",,158,2019,,TRUE,TRUE,
218395,"Chordata","Teleostei","Carangiformes","Carangidae","Carangoides","Carangoides ferdau","fish",,24,2014,,TRUE,TRUE,
218385,"Chordata","Teleostei","Carangiformes","Carangidae","Carangoides","Carangoides fulvoguttatus","fish",,3138,2021,,TRUE,TRUE,
218392,"Chordata","Teleostei","Carangiformes","Carangidae","Carangoides","Carangoides gymnostethus","fish",,723,2021,,TRUE,TRUE,
218386,"Chordata","Teleostei","Carangiformes","Carangidae","Carangoides","Carangoides hedlandensis","fish",,10,2006,,TRUE,TRUE,
276242,"Chordata","Teleostei","Carangiformes","Carangidae","Carangoides","Carangoides humerosus","fish",,4,,,TRUE,FALSE,
218397,"Chordata","Teleostei","Carangiformes","Carangidae","Carangoides","Carangoides malabaricus","fish",,1,1971,,TRUE,FALSE,
218389,"Chordata","Teleostei","Carangiformes","Carangidae","Carangoides","Carangoides talamparoides","fish",,2,1986,,TRUE,FALSE,
273270,"Chordata","Teleostei","Carangiformes","Carangidae","Caranx","Caranx bucculentus","fish",,5,1991,,TRUE,FALSE,
218414,"Chordata","Teleostei","Carangiformes","Carangidae","Caranx","Caranx ignobilis","fish",,46,2019,,TRUE,TRUE,
218419,"Chordata","Teleostei","Carangiformes","Carangidae","Caranx","Caranx melampygus","fish",,1,2006,,TRUE,TRUE,
218411,"Chordata","Teleostei","Carangiformes","Carangidae","Caranx","Caranx papuensis","fish",,2,2019,,TRUE,TRUE,
218404,"Chordata","Teleostei","Carangiformes","Carangidae","Caranx","Caranx sexfasciatus","fish",,3,1996,,TRUE,TRUE,
126846,"Chordata","Teleostei","Carangiformes","Coryphaenidae","Coryphaena","Coryphaena hippurus","fish",,12,2002,,TRUE,TRUE,
126807,"Chordata","Teleostei","Carangiformes","Carangidae","Decapterus","Decapterus macarellus","fish",,19,2014,,TRUE,TRUE,
218426,"Chordata","Teleostei","Carangiformes","Carangidae","Decapterus","Decapterus macrosoma","fish",,1,,,TRUE,FALSE,
273279,"Chordata","Teleostei","Carangiformes","Carangidae","Decapterus","Decapterus muroadsi","fish",,1,2014,,TRUE,FALSE,
218427,"Chordata","Teleostei","Carangiformes","Carangidae","Decapterus","Decapterus russelli","fish",,11,2006,,TRUE,TRUE,
126848,"Chordata","Teleostei","Carangiformes","Echeneidae","Echeneis","Echeneis naucrates","fish",,258,2021,,TRUE,TRUE,
126809,"Chordata","Teleostei","Carangiformes","Carangidae","Elagatis","Elagatis bipinnulata","fish",,1,,,TRUE,TRUE,
1605280,"Chordata","Teleostei","Carangiformes","Carangidae","Ferdauia","Ferdauia orthogrammus","fish",,14,2021,,TRUE,TRUE,
218429,"Chordata","Teleostei","Carangiformes","Carangidae","Gnathanodon","Gnathanodon speciosus","fish",,336,2021,,TRUE,TRUE,
712905,"Chordata","Teleostei","Carangiformes","Istiophoridae","Istiompax","Istiompax indica","fish",,2,2002,,TRUE,FALSE,
158812,"Chordata","Teleostei","Carangiformes","Istiophoridae","Istiophorus","Istiophorus platypterus","fish","VU",5,2001,,TRUE,TRUE,
712907,"Chordata","Teleostei","Carangiformes","Istiophoridae","Kajikia","Kajikia audax","fish",,10,2002,,TRUE,TRUE,
126950,"Chordata","Teleostei","Carangiformes","Istiophoridae","Makaira","Makaira nigricans","fish","VU",1,2002,,TRUE,FALSE,
218430,"Chordata","Teleostei","Carangiformes","Carangidae","Megalaspis","Megalaspis cordyla","fish",,6,1982,,TRUE,FALSE,
218431,"Chordata","Teleostei","Carangiformes","Carangidae","Parastromateus","Parastromateus niger","fish",,7,2006,,TRUE,TRUE,
126812,"Chordata","Teleostei","Carangiformes","Carangidae","Pseudocaranx","Pseudocaranx dentex","fish",,3,2006,,TRUE,TRUE,
390339,"Chordata","Teleostei","Carangiformes","Carangidae","Pseudocaranx","Pseudocaranx dinjerra","fish",,2,1979,,TRUE,FALSE,
273282,"Chordata","Teleostei","Carangiformes","Carangidae","Pseudocaranx","Pseudocaranx wrighti","fish",,3,1954,,TRUE,TRUE,
127006,"Chordata","Teleostei","Carangiformes","Rachycentridae","Rachycentron","Rachycentron canadum","fish",,15,2009,,TRUE,TRUE,
302877,"Chordata","Teleostei","Carangiformes","Echeneidae","Remora","Remora albescens","fish",,,,,FALSE,TRUE,
218432,"Chordata","Teleostei","Carangiformes","Carangidae","Scomberoides","Scomberoides commersonnianus","fish",,8,2015,,TRUE,TRUE,
218434,"Chordata","Teleostei","Carangiformes","Carangidae","Scomberoides","Scomberoides lysan","fish",,22,2014,,TRUE,TRUE,
218433,"Chordata","Teleostei","Carangiformes","Carangidae","Scomberoides","Scomberoides tol","fish",,2,1972,,TRUE,FALSE,
159646,"Chordata","Teleostei","Carangiformes","Carangidae","Selar","Selar crumenophthalmus","fish",,1,1977,,TRUE,TRUE,
282745,"Chordata","Teleostei","Carangiformes","Carangidae","Selaroides","Selaroides leptolepis","fish",,124,2015,,TRUE,TRUE,
126816,"Chordata","Teleostei","Carangiformes","Carangidae","Seriola","Seriola dumerili","fish",,166,2021,,TRUE,TRUE,
276649,"Chordata","Teleostei","Carangiformes","Carangidae","Seriola","Seriola hippos","fish",,1,2006,,TRUE,TRUE,
218436,"Chordata","Teleostei","Carangiformes","Carangidae","Seriola","Seriola lalandi","fish",,67,2013,,TRUE,TRUE,
126818,"Chordata","Teleostei","Carangiformes","Carangidae","Seriola","Seriola rivoliana","fish",,223,2021,,TRUE,TRUE,
218438,"Chordata","Teleostei","Carangiformes","Carangidae","Seriolina","Seriolina nigrofasciata","fish",,67,2021,,TRUE,TRUE,
218440,"Chordata","Teleostei","Carangiformes","Carangidae","Trachinotus","Trachinotus baillonii","fish",,5,2010,,TRUE,TRUE,
151169,"Chordata","Teleostei","Carangiformes","Carangidae","Trachinotus","Trachinotus blochii","fish",,38,2015,,TRUE,TRUE,
218442,"Chordata","Teleostei","Carangiformes","Carangidae","Trachinotus","Trachinotus botla","fish",,,,,FALSE,TRUE,
273304,"Chordata","Teleostei","Carangiformes","Carangidae","Trachurus","Trachurus novaezelandiae","fish",,7,1972,,TRUE,TRUE,
218447,"Chordata","Teleostei","Carangiformes","Carangidae","Ulua","Ulua mentalis","fish",,3,2006,,TRUE,TRUE,
159658,"Chordata","Teleostei","Carangiformes","Carangidae","Uraspis","Uraspis secunda","fish",,2,,,TRUE,FALSE,
218448,"Chordata","Teleostei","Carangiformes","Carangidae","Uraspis","Uraspis uraspis","fish",,2,,,TRUE,TRUE,
127094,"Chordata","Teleostei","Carangiformes","Xiphiidae","Xiphias","Xiphias gladius","fish","NT",11,2002,,TRUE,TRUE,
218851,"Chordata","Teleostei","Centrarchiformes","Cirrhitidae","Amblycirrhitus","Amblycirrhitus bimacula","fish",,2,1996,,TRUE,FALSE,
279585,"Chordata","Teleostei","Centrarchiformes","Terapontidae","Amniataba","Amniataba caudavittata","fish",,16,2010,,TRUE,TRUE,
218855,"Chordata","Teleostei","Centrarchiformes","Cirrhitidae","Cirrhitichthys","Cirrhitichthys aprinus","fish",,6,2021,,TRUE,TRUE,
218854,"Chordata","Teleostei","Centrarchiformes","Cirrhitidae","Cirrhitichthys","Cirrhitichthys falco","fish",,4,2019,,TRUE,TRUE,
218853,"Chordata","Teleostei","Centrarchiformes","Cirrhitidae","Cirrhitichthys","Cirrhitichthys oxycephalus","fish",,8,2014,,TRUE,TRUE,
218862,"Chordata","Teleostei","Centrarchiformes","Cirrhitidae","Cirrhitus","Cirrhitus pinnulatus","fish",,1,1982,,TRUE,FALSE,
218864,"Chordata","Teleostei","Centrarchiformes","Cirrhitidae","Cyprinocirrhites","Cyprinocirrhites polyactis","fish",,53,2021,,TRUE,TRUE,
280869,"Chordata","Teleostei","Centrarchiformes","Kyphosidae","Girella","Girella tephraeops","fish",,1,,,TRUE,FALSE,
1524345,"Chordata","Teleostei","Centrarchiformes","Cheilodactylidae","Goniistius","Goniistius rubrolabiatus","fish",,3,1985,,TRUE,TRUE,
314549,"Chordata","Teleostei","Centrarchiformes","Terapontidae","Helotes","Helotes sexlineatus","fish",,2,1991,,TRUE,FALSE,
218707,"Chordata","Teleostei","Centrarchiformes","Kyphosidae","Kyphosus","Kyphosus bigibbus","fish",,61,2015,,TRUE,TRUE,
218708,"Chordata","Teleostei","Centrarchiformes","Kyphosidae","Kyphosus","Kyphosus cinerascens","fish",,1,2010,,TRUE,FALSE,
273520,"Chordata","Teleostei","Centrarchiformes","Kyphosidae","Kyphosus","Kyphosus cornelii","fish",,2,2014,,TRUE,TRUE,
303486,"Chordata","Teleostei","Centrarchiformes","Kyphosidae","Kyphosus","Kyphosus sectatrix","fish",,,,,FALSE,TRUE,
273525,"Chordata","Teleostei","Centrarchiformes","Kyphosidae","Kyphosus","Kyphosus sydneyanus","fish",,4734,2014,,TRUE,TRUE,
218706,"Chordata","Teleostei","Centrarchiformes","Kyphosidae","Kyphosus","Kyphosus vaigiensis","fish",,122,2014,,TRUE,TRUE,
281283,"Chordata","Teleostei","Centrarchiformes","Terapontidae","Leiopotherapon","Leiopotherapon unicolor","fish",,3,,,TRUE,FALSE,
281558,"Chordata","Teleostei","Centrarchiformes","Kyphosidae","Microcanthus","Microcanthus strigatus","fish",,13,1985,,TRUE,TRUE,
281655,"Chordata","Teleostei","Centrarchiformes","Cheilodactylidae","Nemadactylus","Nemadactylus valenciennesi","fish",,1,1966,,TRUE,TRUE,
277895,"Chordata","Teleostei","Centrarchiformes","Oplegnathidae","Oplegnathus","Oplegnathus woodwardi","fish",,1,1972,,TRUE,FALSE,
218866,"Chordata","Teleostei","Centrarchiformes","Cirrhitidae","Paracirrhites","Paracirrhites arcatus","fish",,2,1977,,TRUE,TRUE,
218867,"Chordata","Teleostei","Centrarchiformes","Cirrhitidae","Paracirrhites","Paracirrhites forsteri","fish",,28,2014,,TRUE,TRUE,
274000,"Chordata","Teleostei","Centrarchiformes","Terapontidae","Pelates","Pelates octolineatus","fish",,3,2010,,TRUE,TRUE,
127077,"Chordata","Teleostei","Centrarchiformes","Terapontidae","Pelates","Pelates quadrilineatus","fish",,15,1991,,TRUE,TRUE,
1585685,"Chordata","Teleostei","Centrarchiformes","Percichthyidae","Percalates","Percalates novemaculeatus","fish",,339,2016,,TRUE,TRUE,
218350,"Chordata","Teleostei","Centrarchiformes","Terapontidae","Terapon","Terapon jarbua","fish",,7,2014,,TRUE,TRUE,
127078,"Chordata","Teleostei","Centrarchiformes","Terapontidae","Terapon","Terapon puta","fish",,7,1958,,TRUE,FALSE,
218349,"Chordata","Teleostei","Centrarchiformes","Terapontidae","Terapon","Terapon theraps","fish",,17,2010,,TRUE,TRUE,
217440,"Chordata","Teleostei","Clupeiformes","Dorosomatidae","Amblygaster","Amblygaster leiogaster","fish",,1,1977,,TRUE,TRUE,
212257,"Chordata","Teleostei","Clupeiformes","Chirocentridae","Chirocentrus","Chirocentrus dorab","fish",,6,,,TRUE,TRUE,
272285,"Chordata","Teleostei","Clupeiformes","Engraulidae","Engraulis","Engraulis australis","fish",,8,2010,,TRUE,TRUE,
280714,"Chordata","Teleostei","Clupeiformes","Dorosomatidae","Escualosa","Escualosa thoracata","fish",,3,2010,,TRUE,FALSE,
272260,"Chordata","Teleostei","Clupeiformes","Dorosomatidae","Herklotsichthys","Herklotsichthys blackburni","fish",,2,2000,,TRUE,FALSE,
272262,"Chordata","Teleostei","Clupeiformes","Dorosomatidae","Herklotsichthys","Herklotsichthys collettei","fish",,4,2010,,TRUE,FALSE,
272265,"Chordata","Teleostei","Clupeiformes","Dorosomatidae","Herklotsichthys","Herklotsichthys koningsbergeri","fish",,6,1991,,TRUE,FALSE,
212267,"Chordata","Teleostei","Clupeiformes","Dorosomatidae","Herklotsichthys","Herklotsichthys lippa","fish",,1,1991,,TRUE,FALSE,
212264,"Chordata","Teleostei","Clupeiformes","Dorosomatidae","Herklotsichthys","Herklotsichthys quadrimaculatus","fish",,4,1943,,TRUE,FALSE,
278453,"Chordata","Teleostei","Clupeiformes","Dorosomatidae","Nematalosa","Nematalosa come","fish",,2,2010,,TRUE,FALSE,
278454,"Chordata","Teleostei","Clupeiformes","Dorosomatidae","Nematalosa","Nematalosa erebi","fish",,1,1974,,TRUE,FALSE,
278458,"Chordata","Teleostei","Clupeiformes","Dorosomatidae","Nematalosa","Nematalosa vlaminghi","fish",,5,2010,,TRUE,FALSE,
212279,"Chordata","Teleostei","Clupeiformes","Pristigasteridae","Pellona","Pellona ditchela","fish",,3,1964,,TRUE,FALSE,
212268,"Chordata","Teleostei","Clupeiformes","Dorosomatidae","Sardinella","Sardinella albella","fish",,1,,,TRUE,FALSE,
212277,"Chordata","Teleostei","Clupeiformes","Dorosomatidae","Sardinella","Sardinella gibbosa","fish",,4,1983,,TRUE,FALSE,
272273,"Chordata","Teleostei","Clupeiformes","Dorosomatidae","Sardinella","Sardinella lemuru","fish","NT",1,1991,,TRUE,FALSE,
126424,"Chordata","Teleostei","Clupeiformes","Spratelloididae","Spratelloides","Spratelloides delicatulus","fish",,1,1987,,TRUE,TRUE,
212263,"Chordata","Teleostei","Clupeiformes","Spratelloididae","Spratelloides","Spratelloides gracilis","fish",,2,1980,,TRUE,TRUE,
272279,"Chordata","Teleostei","Clupeiformes","Spratelloididae","Spratelloides","Spratelloides robustus","fish",,26,2006,,TRUE,TRUE,
275320,"Chordata","Teleostei","Clupeiformes","Engraulidae","Stolephorus","Stolephorus carpentariae","fish",,3,2010,,TRUE,FALSE,
152017,"Chordata","Teleostei","Clupeiformes","Engraulidae","Stolephorus","Stolephorus commersonnii","fish",,1,,,TRUE,FALSE,
275555,"Chordata","Teleostei","Clupeiformes","Engraulidae","Thryssa","Thryssa hamiltonii","fish",,2,1958,,TRUE,FALSE,
275562,"Chordata","Teleostei","Clupeiformes","Engraulidae","Thryssa","Thryssa scratchleyi","fish",,8,,,TRUE,FALSE,
212289,"Chordata","Teleostei","Clupeiformes","Engraulidae","Thryssa","Thryssa setirostris","fish",,5,1958,,TRUE,FALSE,
276134,"Chordata","Teleostei","Cyprinodontiformes","Poeciliidae","Gambusia","Gambusia holbrooki","fish",,1,,,TRUE,FALSE,
154400,"Chordata","Teleostei","Cyprinodontiformes","Poeciliidae","Poecilia","Poecilia reticulata","fish",,1,,,TRUE,FALSE,
278459,"Chordata","Teleostei","Dactylopteriformes","Dactylopteridae","Dactyloptena","Dactyloptena macracantha","fish",,1,,,TRUE,FALSE,
218158,"Chordata","Teleostei","Dactylopteriformes","Dactylopteridae","Dactyloptena","Dactyloptena orientalis","fish",,4,1958,,TRUE,TRUE,
278460,"Chordata","Teleostei","Dactylopteriformes","Dactylopteridae","Dactyloptena","Dactyloptena papilio","fish",,13,1972,,TRUE,TRUE,
218161,"Chordata","Teleostei","Dactylopteriformes","Pegasidae","Eurypegasus","Eurypegasus draconis","fish",,2,2013,,TRUE,TRUE,
218163,"Chordata","Teleostei","Dactylopteriformes","Pegasidae","Pegasus","Pegasus volitans","fish",,8,1991,,TRUE,FALSE,
275404,"Chordata","Teleostei","Elopiformes","Elopidae","Elops","Elops hawaiensis","fish",,22,2014,,TRUE,TRUE,
212253,"Chordata","Teleostei","Elopiformes","Megalopidae","Megalops","Megalops cyprinoides","fish",,1,,,TRUE,FALSE,
278762,"Chordata","Teleostei","Eupercaria incertae sedis","Cepolidae","Acanthocepola","Acanthocepola abbreviata","fish",,11,1958,,TRUE,TRUE,
279071,"Chordata","Teleostei","Eupercaria incertae sedis","Sparidae","Acanthopagrus","Acanthopagrus butcheri","fish",,1,,,TRUE,FALSE,
1577311,"Chordata","Teleostei","Eupercaria incertae sedis","Sparidae","Acanthopagrus","Acanthopagrus morrisonae","fish",,16,2010,,TRUE,FALSE,
712728,"Chordata","Teleostei","Eupercaria incertae sedis","Sparidae","Acanthopagrus","Acanthopagrus pacificus","fish",,1,1966,,TRUE,TRUE,
279072,"Chordata","Teleostei","Eupercaria incertae sedis","Sparidae","Acanthopagrus","Acanthopagrus palmaris","fish",,4,2010,,TRUE,FALSE,
279498,"Chordata","Teleostei","Eupercaria incertae sedis","Labridae","Achoerodus","Achoerodus viridis","fish","NT",2,2016,,TRUE,TRUE,
218920,"Chordata","Teleostei","Eupercaria incertae sedis","Labridae","Anampses","Anampses caeruleopunctatus","fish",,18,2014,,TRUE,TRUE,
218916,"Chordata","Teleostei","Eupercaria incertae sedis","Labridae","Anampses","Anampses geographicus","fish",,17,2014,,TRUE,TRUE,
279172,"Chordata","Teleostei","Eupercaria incertae sedis","Labridae","Anampses","Anampses lennardi","fish",,7,2014,,TRUE,TRUE,
279173,"Chordata","Teleostei","Eupercaria incertae sedis","Labridae","Anampses","Anampses melanurus","fish",,23,2014,,TRUE,TRUE,
218923,"Chordata","Teleostei","Eupercaria incertae sedis","Labridae","Anampses","Anampses meleagrides","fish",,26,2014,,TRUE,TRUE,
218470,"Chordata","Teleostei","Eupercaria incertae sedis","Lutjanidae","Aphareus","Aphareus furca","fish",,13,2019,,TRUE,TRUE,
218468,"Chordata","Teleostei","Eupercaria incertae sedis","Lutjanidae","Aphareus","Aphareus rutilans","fish",,67,2021,,TRUE,TRUE,
212546,"Chordata","Teleostei","Eupercaria incertae sedis","Lutjanidae","Aprion","Aprion virescens","fish",,259,2021,,TRUE,TRUE,
218590,"Chordata","Teleostei","Eupercaria incertae sedis","Sparidae","Argyrops","Argyrops spinifer","fish",,507,2021,,TRUE,TRUE,
218633,"Chordata","Teleostei","Eupercaria incertae sedis","Sciaenidae","Argyrosomus","Argyrosomus japonicus","fish","EN",3,1962,,TRUE,FALSE,
218933,"Chordata","Teleostei","Eupercaria incertae sedis","Labridae","Bodianus","Bodianus axillaris","fish",,37,2014,,TRUE,TRUE,
218932,"Chordata","Teleostei","Eupercaria incertae sedis","Labridae","Bodianus","Bodianus bilunulatus","fish",,298,2021,,TRUE,TRUE,
218931,"Chordata","Teleostei","Eupercaria incertae sedis","Labridae","Bodianus","Bodianus diana","fish",,1,2006,,TRUE,TRUE,
273531,"Chordata","Teleostei","Eupercaria incertae sedis","Labridae","Bodianus","Bodianus frenchii","fish","NT",1,,,TRUE,FALSE,
273536,"Chordata","Teleostei","Eupercaria incertae sedis","Labridae","Bodianus","Bodianus mesothorax","fish",,2,2006,,TRUE,TRUE,
218934,"Chordata","Teleostei","Eupercaria incertae sedis","Labridae","Bodianus","Bodianus perditio","fish",,10,2014,,TRUE,TRUE,
398565,"Chordata","Teleostei","Eupercaria incertae sedis","Labridae","Bodianus","Bodianus solatus","fish",,389,2021,,TRUE,TRUE,
273546,"Chordata","Teleostei","Eupercaria incertae sedis","Labridae","Bodianus","Bodianus vulpinus","fish",,1,1973,,TRUE,TRUE,
219074,"Chordata","Teleostei","Eupercaria incertae sedis","Scaridae","Bolbometopon","Bolbometopon muricatum","fish","VU",31,2021,,TRUE,TRUE,
219995,"Chordata","Teleostei","Eupercaria incertae sedis","Caesionidae","Caesio","Caesio caerulaurea","fish",,42,2014,,TRUE,TRUE,
278536,"Chordata","Teleostei","Eupercaria incertae sedis","Caesionidae","Caesio","Caesio cuning","fish",,100,2019,,TRUE,TRUE,
219996,"Chordata","Teleostei","Eupercaria incertae sedis","Caesionidae","Caesio","Caesio teres","fish",,90,2021,,TRUE,TRUE,
219076,"Chordata","Teleostei","Eupercaria incertae sedis","Scaridae","Calotomus","Calotomus carolinus","fish",,2,2014,,TRUE,FALSE,
219075,"Chordata","Teleostei","Eupercaria incertae sedis","Scaridae","Calotomus","Calotomus spinidens","fish",,1,1987,,TRUE,FALSE,
280055,"Chordata","Teleostei","Eupercaria incertae sedis","Centrogenyidae","Centrogenys","Centrogenys vaigiensis","fish",,10,1995,,TRUE,TRUE,
273318,"Chordata","Teleostei","Eupercaria incertae sedis","Cepolidae","Cepola","Cepola australis","fish",,2,,,TRUE,FALSE,
218941,"Chordata","Teleostei","Eupercaria incertae sedis","Labridae","Cheilinus","Cheilinus chlorourus","fish",,32,2014,,TRUE,TRUE,
218940,"Chordata","Teleostei","Eupercaria incertae sedis","Labridae","Cheilinus","Cheilinus fasciatus","fish",,11,2014,,TRUE,TRUE,
218944,"Chordata","Teleostei","Eupercaria incertae sedis","Labridae","Cheilinus","Cheilinus trilobatus","fish",,85,2015,,TRUE,TRUE,
218948,"Chordata","Teleostei","Eupercaria incertae sedis","Labridae","Cheilio","Cheilio inermis","fish",,236,2015,,TRUE,TRUE,
277504,"Chordata","Teleostei","Eupercaria incertae sedis","Scaridae","Chlorurus","Chlorurus bleekeri","fish",,13,2014,,TRUE,TRUE,
277507,"Chordata","Teleostei","Eupercaria incertae sedis","Scaridae","Chlorurus","Chlorurus microrhinos","fish",,74,2014,,TRUE,TRUE,
277510,"Chordata","Teleostei","Eupercaria incertae sedis","Scaridae","Chlorurus","Chlorurus rhakoura","fish",,1,2014,,TRUE,TRUE,
219082,"Chordata","Teleostei","Eupercaria incertae sedis","Scaridae","Chlorurus","Chlorurus sordidus","fish",,1004,2015,,TRUE,TRUE,
712772,"Chordata","Teleostei","Eupercaria incertae sedis","Scaridae","Chlorurus","Chlorurus spilurus","fish",,,,,FALSE,TRUE,
277262,"Chordata","Teleostei","Eupercaria incertae sedis","Labridae","Choerodon","Choerodon anchorago","fish",,5,2006,,TRUE,FALSE,
277265,"Chordata","Teleostei","Eupercaria incertae sedis","Labridae","Choerodon","Choerodon cauteroma","fish",,73,2019,,TRUE,TRUE,
277266,"Chordata","Teleostei","Eupercaria incertae sedis","Labridae","Choerodon","Choerodon cephalotes","fish",,12,2006,,TRUE,TRUE,
277267,"Chordata","Teleostei","Eupercaria incertae sedis","Labridae","Choerodon","Choerodon cyanodus","fish",,65,2015,,TRUE,TRUE,
277272,"Chordata","Teleostei","Eupercaria incertae sedis","Labridae","Choerodon","Choerodon jordani","fish",,22,2019,,TRUE,TRUE,
277275,"Chordata","Teleostei","Eupercaria incertae sedis","Labridae","Choerodon","Choerodon monostigma","fish",,2,2006,,TRUE,TRUE,
277278,"Chordata","Teleostei","Eupercaria incertae sedis","Labridae","Choerodon","Choerodon rubescens","fish",,28,2014,,TRUE,TRUE,
218951,"Chordata","Teleostei","Eupercaria incertae sedis","Labridae","Choerodon","Choerodon schoenleinii","fish","NT",78,2014,,TRUE,TRUE,
277281,"Chordata","Teleostei","Eupercaria incertae sedis","Labridae","Choerodon","Choerodon vitta","fish",,11,2019,,TRUE,TRUE,
277282,"Chordata","Teleostei","Eupercaria incertae sedis","Labridae","Choerodon","Choerodon zamboangae","fish",,40,2021,,TRUE,TRUE,
218954,"Chordata","Teleostei","Eupercaria incertae sedis","Labridae","Cirrhilabrus","Cirrhilabrus exquisitus","fish",,,,,FALSE,TRUE,
277860,"Chordata","Teleostei","Eupercaria incertae sedis","Labridae","Cirrhilabrus","Cirrhilabrus punctatus","fish",,5,2006,,TRUE,TRUE,
277862,"Chordata","Teleostei","Eupercaria incertae sedis","Labridae","Cirrhilabrus","Cirrhilabrus randalli","fish",,1,1975,,TRUE,FALSE,
277870,"Chordata","Teleostei","Eupercaria incertae sedis","Labridae","Cirrhilabrus","Cirrhilabrus temminckii","fish",,25,2014,,TRUE,TRUE,
127003,"Chordata","Teleostei","Eupercaria incertae sedis","Priacanthidae","Cookeolus","Cookeolus japonicus","fish",,1,1979,,TRUE,FALSE,
273548,"Chordata","Teleostei","Eupercaria incertae sedis","Labridae","Coris","Coris auricularis","fish",,15,2006,,TRUE,TRUE,
218957,"Chordata","Teleostei","Eupercaria incertae sedis","Labridae","Coris","Coris aygula","fish",,2827,2015,,TRUE,TRUE,
218956,"Chordata","Teleostei","Eupercaria incertae sedis","Labridae","Coris","Coris batuensis","fish",,2,2014,,TRUE,FALSE,
218959,"Chordata","Teleostei","Eupercaria incertae sedis","Labridae","Coris","Coris caudimacula","fish",,421,2021,,TRUE,TRUE,
273554,"Chordata","Teleostei","Eupercaria incertae sedis","Labridae","Coris","Coris dorsomacula","fish",,4,2014,,TRUE,TRUE,
218960,"Chordata","Teleostei","Eupercaria incertae sedis","Labridae","Coris","Coris gaimard","fish",,2,2014,,TRUE,TRUE,
273561,"Chordata","Teleostei","Eupercaria incertae sedis","Labridae","Coris","Coris pictoides","fish",,39,2014,,TRUE,TRUE,
218967,"Chordata","Teleostei","Eupercaria incertae sedis","Labridae","Cymolutes","Cymolutes praetextatus","fish",,3,1987,,TRUE,TRUE,
218966,"Chordata","Teleostei","Eupercaria incertae sedis","Labridae","Cymolutes","Cymolutes torquatus","fish",,2,2014,,TRUE,TRUE,
1384938,"Chordata","Teleostei","Eupercaria incertae sedis","Sparidae","Dentex","Dentex carpenteri","fish",,905,2019,,TRUE,TRUE,
305167,"Chordata","Teleostei","Eupercaria incertae sedis","Sparidae","Dentex","Dentex spariformis","fish",,6,1978,,TRUE,TRUE,
273967,"Chordata","Teleostei","Eupercaria incertae sedis","Sparidae","Dentex","Dentex tumifrons","fish",,1,2001,,TRUE,TRUE,
279261,"Chordata","Teleostei","Eupercaria incertae sedis","Haemulidae","Diagramma","Diagramma labiosum","fish",,22,2006,,TRUE,TRUE,
218536,"Chordata","Teleostei","Eupercaria incertae sedis","Haemulidae","Diagramma","Diagramma pictum","fish",,178,2021,,TRUE,TRUE,
219997,"Chordata","Teleostei","Eupercaria incertae sedis","Caesionidae","Dipterygonotus","Dipterygonotus balteatus","fish",,4,1983,,TRUE,FALSE,
398569,"Chordata","Teleostei","Eupercaria incertae sedis","Labridae","Epibulus","Epibulus brevis","fish",,,,,FALSE,TRUE,
218972,"Chordata","Teleostei","Eupercaria incertae sedis","Labridae","Epibulus","Epibulus insidiator","fish",,11,2014,,TRUE,TRUE,
212545,"Chordata","Teleostei","Eupercaria incertae sedis","Lutjanidae","Etelis","Etelis carbunculus","fish",,9,2011,,TRUE,TRUE,
276952,"Chordata","Teleostei","Eupercaria incertae sedis","Gerreidae","Gerres","Gerres baconensis","fish",,1,1954,,TRUE,TRUE,
218524,"Chordata","Teleostei","Eupercaria incertae sedis","Gerreidae","Gerres","Gerres filamentosus","fish",,2,,,TRUE,FALSE,
218526,"Chordata","Teleostei","Eupercaria incertae sedis","Gerreidae","Gerres","Gerres oblongus","fish",,1,1980,,TRUE,FALSE,
218535,"Chordata","Teleostei","Eupercaria incertae sedis","Gerreidae","Gerres","Gerres oyena","fish",,6,2010,,TRUE,FALSE,
276969,"Chordata","Teleostei","Eupercaria incertae sedis","Gerreidae","Gerres","Gerres subfasciatus","fish",,12,1991,,TRUE,TRUE,
218976,"Chordata","Teleostei","Eupercaria incertae sedis","Labridae","Gomphosus","Gomphosus caeruleus","fish",,,,,FALSE,TRUE,
218975,"Chordata","Teleostei","Eupercaria incertae sedis","Labridae","Gomphosus","Gomphosus varius","fish",,127,2014,,TRUE,TRUE,
278869,"Chordata","Teleostei","Eupercaria incertae sedis","Lethrinidae","Gymnocranius","Gymnocranius audleyi","fish",,45,2006,,TRUE,TRUE,
218578,"Chordata","Teleostei","Eupercaria incertae sedis","Lethrinidae","Gymnocranius","Gymnocranius elongatus","fish",,14,2006,,TRUE,TRUE,
278870,"Chordata","Teleostei","Eupercaria incertae sedis","Lethrinidae","Gymnocranius","Gymnocranius euanus","fish",,159,2021,,TRUE,TRUE,
218579,"Chordata","Teleostei","Eupercaria incertae sedis","Lethrinidae","Gymnocranius","Gymnocranius grandoculis","fish",,791,2021,,TRUE,TRUE,
218576,"Chordata","Teleostei","Eupercaria incertae sedis","Lethrinidae","Gymnocranius","Gymnocranius griseus","fish",,195,2019,,TRUE,TRUE,
275749,"Chordata","Teleostei","Eupercaria incertae sedis","Labridae","Halichoeres","Halichoeres argus","fish",,2,2006,,TRUE,FALSE,
275752,"Chordata","Teleostei","Eupercaria incertae sedis","Labridae","Halichoeres","Halichoeres biocellatus","fish",,5,2014,,TRUE,TRUE,
275755,"Chordata","Teleostei","Eupercaria incertae sedis","Labridae","Halichoeres","Halichoeres brownfieldi","fish",,6,1954,,TRUE,TRUE,
218985,"Chordata","Teleostei","Eupercaria incertae sedis","Labridae","Halichoeres","Halichoeres hortulanus","fish",,38,2014,,TRUE,TRUE,
218987,"Chordata","Teleostei","Eupercaria incertae sedis","Labridae","Halichoeres","Halichoeres margaritaceus","fish",,7,2006,,TRUE,TRUE,
218991,"Chordata","Teleostei","Eupercaria incertae sedis","Labridae","Halichoeres","Halichoeres marginatus","fish",,6,2015,,TRUE,TRUE,
275774,"Chordata","Teleostei","Eupercaria incertae sedis","Labridae","Halichoeres","Halichoeres melanochir","fish",,15,2014,,TRUE,TRUE,
218986,"Chordata","Teleostei","Eupercaria incertae sedis","Labridae","Halichoeres","Halichoeres nebulosus","fish",,115,2015,,TRUE,TRUE,
218995,"Chordata","Teleostei","Eupercaria incertae sedis","Labridae","Halichoeres","Halichoeres nigrescens","fish",,2,2006,,TRUE,FALSE,
275804,"Chordata","Teleostei","Eupercaria incertae sedis","Labridae","Halichoeres","Halichoeres trimaculatus","fish",,51,2006,,TRUE,TRUE,
218999,"Chordata","Teleostei","Eupercaria incertae sedis","Labridae","Hemigymnus","Hemigymnus fasciatus","fish",,59,2014,,TRUE,TRUE,
218998,"Chordata","Teleostei","Eupercaria incertae sedis","Labridae","Hemigymnus","Hemigymnus melapterus","fish",,162,2015,,TRUE,TRUE,
127004,"Chordata","Teleostei","Eupercaria incertae sedis","Priacanthidae","Heteropriacanthus","Heteropriacanthus cruentatus","fish",,3,2006,,TRUE,TRUE,
713598,"Chordata","Teleostei","Eupercaria incertae sedis","Odacidae","Heteroscarus","Heteroscarus acroptilus","fish",,4,1954,,TRUE,TRUE,
278899,"Chordata","Teleostei","Eupercaria incertae sedis","Scaridae","Hipposcarus","Hipposcarus longiceps","fish",,12,2014,,TRUE,TRUE,
219003,"Chordata","Teleostei","Eupercaria incertae sedis","Labridae","Hologymnosus","Hologymnosus annulatus","fish",,102,2014,,TRUE,TRUE,
219001,"Chordata","Teleostei","Eupercaria incertae sedis","Labridae","Hologymnosus","Hologymnosus doliatus","fish",,6,2014,,TRUE,TRUE,
278794,"Chordata","Teleostei","Eupercaria incertae sedis","Labridae","Iniistius","Iniistius aneitensis","fish",,,,,FALSE,TRUE,
219004,"Chordata","Teleostei","Eupercaria incertae sedis","Labridae","Iniistius","Iniistius pavo","fish",,19,2014,,TRUE,TRUE,
276100,"Chordata","Teleostei","Eupercaria incertae sedis","Sciaenidae","Johnius","Johnius borneensis","fish",,1,1991,,TRUE,FALSE,
219013,"Chordata","Teleostei","Eupercaria incertae sedis","Labridae","Labrichthys","Labrichthys unilineatus","fish",,40,2014,,TRUE,TRUE,
219015,"Chordata","Teleostei","Eupercaria incertae sedis","Labridae","Labroides","Labroides bicolor","fish",,10,2014,,TRUE,TRUE,
219014,"Chordata","Teleostei","Eupercaria incertae sedis","Labridae","Labroides","Labroides dimidiatus","fish",,236,2021,,TRUE,TRUE,
278464,"Chordata","Teleostei","Eupercaria incertae sedis","Labridae","Labropsis","Labropsis australis","fish",,,,,FALSE,TRUE,
278465,"Chordata","Teleostei","Eupercaria incertae sedis","Labridae","Labropsis","Labropsis manabei","fish",,8,2006,,TRUE,TRUE,
281319,"Chordata","Teleostei","Eupercaria incertae sedis","Labridae","Leptojulis","Leptojulis cyanopleura","fish",,55,2014,,TRUE,TRUE,
219091,"Chordata","Teleostei","Eupercaria incertae sedis","Scaridae","Leptoscarus","Leptoscarus vaigiensis","fish",,8,2014,,TRUE,TRUE,
278631,"Chordata","Teleostei","Eupercaria incertae sedis","Lethrinidae","Lethrinus","Lethrinus amboinensis","fish",,3,2006,,TRUE,TRUE,
278632,"Chordata","Teleostei","Eupercaria incertae sedis","Lethrinidae","Lethrinus","Lethrinus atkinsoni","fish",,1792,2015,,TRUE,TRUE,
212078,"Chordata","Teleostei","Eupercaria incertae sedis","Lethrinidae","Lethrinus","Lethrinus genivittatus","fish",,33,2014,,TRUE,TRUE,
278635,"Chordata","Teleostei","Eupercaria incertae sedis","Lethrinidae","Lethrinus","Lethrinus laticaudis","fish",,29,2015,,TRUE,TRUE,
212061,"Chordata","Teleostei","Eupercaria incertae sedis","Lethrinidae","Lethrinus","Lethrinus lentjan","fish",,377,2019,,TRUE,TRUE,
212071,"Chordata","Teleostei","Eupercaria incertae sedis","Lethrinidae","Lethrinus","Lethrinus microdon","fish",,6,2014,,TRUE,TRUE,
212062,"Chordata","Teleostei","Eupercaria incertae sedis","Lethrinidae","Lethrinus","Lethrinus miniatus","fish",,1544,2021,,TRUE,TRUE,
212081,"Chordata","Teleostei","Eupercaria incertae sedis","Lethrinidae","Lethrinus","Lethrinus nebulosus","fish",,11806,2021,,TRUE,TRUE,
212069,"Chordata","Teleostei","Eupercaria incertae sedis","Lethrinidae","Lethrinus","Lethrinus olivaceus","fish",,94,2021,,TRUE,TRUE,
278638,"Chordata","Teleostei","Eupercaria incertae sedis","Lethrinidae","Lethrinus","Lethrinus ravus","fish",,414,2021,,TRUE,TRUE,
212077,"Chordata","Teleostei","Eupercaria incertae sedis","Lethrinidae","Lethrinus","Lethrinus rubrioperculatus","fish",,747,2021,,TRUE,TRUE,
212076,"Chordata","Teleostei","Eupercaria incertae sedis","Lethrinidae","Lethrinus","Lethrinus variegatus","fish",,104,2015,,TRUE,TRUE,
218471,"Chordata","Teleostei","Eupercaria incertae sedis","Lutjanidae","Lipocheilus","Lipocheilus carnolabrum","fish",,4,2001,,TRUE,TRUE,
218498,"Chordata","Teleostei","Eupercaria incertae sedis","Lutjanidae","Lutjanus","Lutjanus argentimaculatus","fish",,3,2014,,TRUE,TRUE,
218479,"Chordata","Teleostei","Eupercaria incertae sedis","Lutjanidae","Lutjanus","Lutjanus bohar","fish",,48,2014,,TRUE,TRUE,
276528,"Chordata","Teleostei","Eupercaria incertae sedis","Lutjanidae","Lutjanus","Lutjanus carponotatus","fish",,109,2015,,TRUE,TRUE,
276534,"Chordata","Teleostei","Eupercaria incertae sedis","Lutjanidae","Lutjanus","Lutjanus erythropterus","fish",,14,1954,,TRUE,TRUE,
218490,"Chordata","Teleostei","Eupercaria incertae sedis","Lutjanidae","Lutjanus","Lutjanus fulviflamma","fish",,140,2015,,TRUE,TRUE,
218480,"Chordata","Teleostei","Eupercaria incertae sedis","Lutjanidae","Lutjanus","Lutjanus gibbus","fish",,9,2019,,TRUE,TRUE,
218482,"Chordata","Teleostei","Eupercaria incertae sedis","Lutjanidae","Lutjanus","Lutjanus kasmira","fish",,10,2014,,TRUE,TRUE,
218485,"Chordata","Teleostei","Eupercaria incertae sedis","Lutjanidae","Lutjanus","Lutjanus lemniscatus","fish",,89,2021,,TRUE,TRUE,
218495,"Chordata","Teleostei","Eupercaria incertae sedis","Lutjanidae","Lutjanus","Lutjanus lutjanus","fish",,3,1966,,TRUE,TRUE,
218481,"Chordata","Teleostei","Eupercaria incertae sedis","Lutjanidae","Lutjanus","Lutjanus malabaricus","fish",,15,1991,,TRUE,TRUE,
218474,"Chordata","Teleostei","Eupercaria incertae sedis","Lutjanidae","Lutjanus","Lutjanus monostigma","fish",,2,1985,,TRUE,TRUE,
218497,"Chordata","Teleostei","Eupercaria incertae sedis","Lutjanidae","Lutjanus","Lutjanus quinquelineatus","fish",,481,2021,,TRUE,TRUE,
218473,"Chordata","Teleostei","Eupercaria incertae sedis","Lutjanidae","Lutjanus","Lutjanus russellii","fish",,17,2014,,TRUE,TRUE,
218499,"Chordata","Teleostei","Eupercaria incertae sedis","Lutjanidae","Lutjanus","Lutjanus sebae","fish",,695,2021,,TRUE,TRUE,
218483,"Chordata","Teleostei","Eupercaria incertae sedis","Lutjanidae","Lutjanus","Lutjanus vitta","fish",,1173,2021,,TRUE,TRUE,
218501,"Chordata","Teleostei","Eupercaria incertae sedis","Lutjanidae","Macolor","Macolor niger","fish",,1,,,TRUE,FALSE,
219028,"Chordata","Teleostei","Eupercaria incertae sedis","Labridae","Macropharyngodon","Macropharyngodon meleagris","fish",,,,,FALSE,TRUE,
278215,"Chordata","Teleostei","Eupercaria incertae sedis","Labridae","Macropharyngodon","Macropharyngodon negrosensis","fish",,6,2014,,TRUE,TRUE,
278216,"Chordata","Teleostei","Eupercaria incertae sedis","Labridae","Macropharyngodon","Macropharyngodon ornatus","fish",,5,2014,,TRUE,TRUE,
218378,"Chordata","Teleostei","Eupercaria incertae sedis","Malacanthidae","Malacanthus","Malacanthus brevirostris","fish",,25,2021,,TRUE,TRUE,
218377,"Chordata","Teleostei","Eupercaria incertae sedis","Malacanthidae","Malacanthus","Malacanthus latovittatus","fish",,2,2006,,TRUE,TRUE,
218695,"Chordata","Teleostei","Eupercaria incertae sedis","Monodactylidae","Monodactylus","Monodactylus argenteus","fish",,1,,,TRUE,FALSE,
218584,"Chordata","Teleostei","Eupercaria incertae sedis","Lethrinidae","Monotaxis","Monotaxis grandoculis","fish",,,,,FALSE,TRUE,
278120,"Chordata","Teleostei","Eupercaria incertae sedis","Nemipteridae","Nemipterus","Nemipterus bathybius","fish",,2,1972,,TRUE,FALSE,
278121,"Chordata","Teleostei","Eupercaria incertae sedis","Nemipteridae","Nemipterus","Nemipterus celebicus","fish",,5,2004,,TRUE,TRUE,
278122,"Chordata","Teleostei","Eupercaria incertae sedis","Nemipteridae","Nemipterus","Nemipterus furcosus","fish",,2,1954,,TRUE,TRUE,
218520,"Chordata","Teleostei","Eupercaria incertae sedis","Nemipteridae","Nemipterus","Nemipterus peronii","fish",,22,2013,,TRUE,TRUE,
218519,"Chordata","Teleostei","Eupercaria incertae sedis","Nemipteridae","Nemipterus","Nemipterus zysron","fish",,4,1979,,TRUE,FALSE,
219035,"Chordata","Teleostei","Eupercaria incertae sedis","Labridae","Novaculichthys","Novaculichthys taeniourus","fish",,4,2014,,TRUE,TRUE,
277996,"Chordata","Teleostei","Eupercaria incertae sedis","Labridae","Oxycheilinus","Oxycheilinus digramma","fish",,5,2014,,TRUE,TRUE,
278000,"Chordata","Teleostei","Eupercaria incertae sedis","Labridae","Oxycheilinus","Oxycheilinus orientalis","fish",,2,2021,,TRUE,TRUE,
278002,"Chordata","Teleostei","Eupercaria incertae sedis","Labridae","Oxycheilinus","Oxycheilinus unifasciatus","fish",,17,2014,,TRUE,TRUE,
398546,"Chordata","Teleostei","Eupercaria incertae sedis","Sparidae","Pagrus","Pagrus auratus","fish",,7,2019,,TRUE,TRUE,
218502,"Chordata","Teleostei","Eupercaria incertae sedis","Lutjanidae","Paracaesio","Paracaesio xanthura","fish",,1,1995,,TRUE,FALSE,
1523850,"Chordata","Teleostei","Eupercaria incertae sedis","Nemipteridae","Parascolopsis","Parascolopsis akatamae","fish",,23,2021,,TRUE,TRUE,
214690,"Chordata","Teleostei","Eupercaria incertae sedis","Nemipteridae","Parascolopsis","Parascolopsis eriomma","fish",,12,2019,,TRUE,TRUE,
277751,"Chordata","Teleostei","Eupercaria incertae sedis","Nemipteridae","Parascolopsis","Parascolopsis inermis","fish",,8,2019,,TRUE,TRUE,
277755,"Chordata","Teleostei","Eupercaria incertae sedis","Nemipteridae","Parascolopsis","Parascolopsis tanyactis","fish",,4,1979,,TRUE,FALSE,
282196,"Chordata","Teleostei","Eupercaria incertae sedis","Sciaenidae","Pennahia","Pennahia argentata","fish",,1,1966,,TRUE,TRUE,
282206,"Chordata","Teleostei","Eupercaria incertae sedis","Nemipteridae","Pentapodus","Pentapodus emeryii","fish",,124,2015,,TRUE,TRUE,
282207,"Chordata","Teleostei","Eupercaria incertae sedis","Nemipteridae","Pentapodus","Pentapodus nagasakiensis","fish",,323,2021,,TRUE,TRUE,
282209,"Chordata","Teleostei","Eupercaria incertae sedis","Nemipteridae","Pentapodus","Pentapodus porosus","fish",,149,2015,,TRUE,TRUE,
282212,"Chordata","Teleostei","Eupercaria incertae sedis","Nemipteridae","Pentapodus","Pentapodus vitta","fish",,133,2015,,TRUE,TRUE,
218548,"Chordata","Teleostei","Eupercaria incertae sedis","Haemulidae","Plectorhinchus","Plectorhinchus albovittatus","fish",,1,2006,,TRUE,TRUE,
1042731,"Chordata","Teleostei","Eupercaria incertae sedis","Haemulidae","Plectorhinchus","Plectorhinchus caeruleonothus","fish",,,,,FALSE,TRUE,
273483,"Chordata","Teleostei","Eupercaria incertae sedis","Haemulidae","Plectorhinchus","Plectorhinchus chaetodonoides","fish",,3,2006,,TRUE,TRUE,
218549,"Chordata","Teleostei","Eupercaria incertae sedis","Haemulidae","Plectorhinchus","Plectorhinchus flavomaculatus","fish",,38,2014,,TRUE,TRUE,
218539,"Chordata","Teleostei","Eupercaria incertae sedis","Haemulidae","Plectorhinchus","Plectorhinchus gibbosus","fish",,7,2019,,TRUE,TRUE,
273492,"Chordata","Teleostei","Eupercaria incertae sedis","Haemulidae","Plectorhinchus","Plectorhinchus multivittatus","fish",,9,2014,,TRUE,TRUE,
218555,"Chordata","Teleostei","Eupercaria incertae sedis","Haemulidae","Plectorhinchus","Plectorhinchus picus","fish",,4,2014,,TRUE,TRUE,
273494,"Chordata","Teleostei","Eupercaria incertae sedis","Haemulidae","Plectorhinchus","Plectorhinchus polytaenia","fish",,1,1963,,TRUE,TRUE,
218551,"Chordata","Teleostei","Eupercaria incertae sedis","Haemulidae","Plectorhinchus","Plectorhinchus schotaf","fish",,8,2014,,TRUE,TRUE,
218545,"Chordata","Teleostei","Eupercaria incertae sedis","Haemulidae","Plectorhinchus","Plectorhinchus vittatus","fish",,1,,,TRUE,FALSE,
218570,"Chordata","Teleostei","Eupercaria incertae sedis","Haemulidae","Pomadasys","Pomadasys argenteus","fish",,4,1977,,TRUE,TRUE,
218566,"Chordata","Teleostei","Eupercaria incertae sedis","Haemulidae","Pomadasys","Pomadasys kaakan","fish",,4,2010,,TRUE,FALSE,
218568,"Chordata","Teleostei","Eupercaria incertae sedis","Haemulidae","Pomadasys","Pomadasys maculatus","fish",,10,1991,,TRUE,TRUE,
218361,"Chordata","Teleostei","Eupercaria incertae sedis","Priacanthidae","Priacanthus","Priacanthus blochii","fish",,5,2019,,TRUE,TRUE,
218360,"Chordata","Teleostei","Eupercaria incertae sedis","Priacanthidae","Priacanthus","Priacanthus hamrur","fish",,26,2019,,TRUE,TRUE,
273765,"Chordata","Teleostei","Eupercaria incertae sedis","Priacanthidae","Priacanthus","Priacanthus macracanthus","fish",,1,1972,,TRUE,FALSE,
273768,"Chordata","Teleostei","Eupercaria incertae sedis","Priacanthidae","Priacanthus","Priacanthus tayenus","fish",,14,1991,,TRUE,TRUE,
218510,"Chordata","Teleostei","Eupercaria incertae sedis","Lutjanidae","Pristipomoides","Pristipomoides argyrogrammicus","fish",,2,1967,,TRUE,FALSE,
218511,"Chordata","Teleostei","Eupercaria incertae sedis","Lutjanidae","Pristipomoides","Pristipomoides filamentosus","fish",,74,2021,,TRUE,TRUE,
218513,"Chordata","Teleostei","Eupercaria incertae sedis","Lutjanidae","Pristipomoides","Pristipomoides multidens","fish",,1848,2021,,TRUE,TRUE,
218509,"Chordata","Teleostei","Eupercaria incertae sedis","Lutjanidae","Pristipomoides","Pristipomoides sieboldii","fish",,3,1995,,TRUE,FALSE,
218507,"Chordata","Teleostei","Eupercaria incertae sedis","Lutjanidae","Pristipomoides","Pristipomoides typus","fish",,341,2019,,TRUE,TRUE,
282382,"Chordata","Teleostei","Eupercaria incertae sedis","Sciaenidae","Protonibea","Protonibea diacanthus","fish","NT",1,,,TRUE,FALSE,
208917,"Chordata","Teleostei","Eupercaria incertae sedis","Labridae","Pseudocheilinus","Pseudocheilinus evanidus","fish",,7,2014,,TRUE,TRUE,
208915,"Chordata","Teleostei","Eupercaria incertae sedis","Labridae","Pseudocheilinus","Pseudocheilinus hexataenia","fish",,,,,FALSE,TRUE,
219045,"Chordata","Teleostei","Eupercaria incertae sedis","Labridae","Pseudocoris","Pseudocoris yamashiroi","fish",,2,2006,,TRUE,TRUE,
219046,"Chordata","Teleostei","Eupercaria incertae sedis","Labridae","Pseudodax","Pseudodax moluccanus","fish",,7,2014,,TRUE,TRUE,
276704,"Chordata","Teleostei","Eupercaria incertae sedis","Labridae","Pseudojuloides","Pseudojuloides elongatus","fish",,3,1977,,TRUE,FALSE,
279210,"Chordata","Teleostei","Eupercaria incertae sedis","Labridae","Pteragogus","Pteragogus enneacanthus","fish",,7,2009,,TRUE,FALSE,
219052,"Chordata","Teleostei","Eupercaria incertae sedis","Labridae","Pteragogus","Pteragogus flagellifer","fish",,1,2014,,TRUE,TRUE,
213662,"Chordata","Teleostei","Eupercaria incertae sedis","Caesionidae","Pterocaesio","Pterocaesio chrysozona","fish",,417,2021,,TRUE,TRUE,
213657,"Chordata","Teleostei","Eupercaria incertae sedis","Caesionidae","Pterocaesio","Pterocaesio digramma","fish",,1411,2019,,TRUE,TRUE,
213661,"Chordata","Teleostei","Eupercaria incertae sedis","Caesionidae","Pterocaesio","Pterocaesio marri","fish",,24,2006,,TRUE,TRUE,
213656,"Chordata","Teleostei","Eupercaria incertae sedis","Caesionidae","Pterocaesio","Pterocaesio tile","fish",,467,2014,,TRUE,TRUE,
218621,"Chordata","Teleostei","Eupercaria incertae sedis","Sparidae","Rhabdosargus","Rhabdosargus sarba","fish",,6,,,TRUE,TRUE,
282666,"Chordata","Teleostei","Eupercaria incertae sedis","Nemipteridae","Scaevius","Scaevius milii","fish",,12,1995,,TRUE,TRUE,
276040,"Chordata","Teleostei","Eupercaria incertae sedis","Scaridae","Scarus","Scarus chameleon","fish",,129,2014,,TRUE,TRUE,
276044,"Chordata","Teleostei","Eupercaria incertae sedis","Scaridae","Scarus","Scarus dimidiatus","fish",,,,,FALSE,TRUE,
219121,"Chordata","Teleostei","Eupercaria incertae sedis","Scaridae","Scarus","Scarus ferrugineus","fish",,1,1975,,TRUE,FALSE,
276046,"Chordata","Teleostei","Eupercaria incertae sedis","Scaridae","Scarus","Scarus forsteni","fish",,1,2014,,TRUE,TRUE,
219113,"Chordata","Teleostei","Eupercaria incertae sedis","Scaridae","Scarus","Scarus frenatus","fish",,274,2014,,TRUE,TRUE,
219127,"Chordata","Teleostei","Eupercaria incertae sedis","Scaridae","Scarus","Scarus ghobban","fish",,128,2021,,TRUE,TRUE,
219104,"Chordata","Teleostei","Eupercaria incertae sedis","Scaridae","Scarus","Scarus globiceps","fish",,26,2014,,TRUE,TRUE,
219129,"Chordata","Teleostei","Eupercaria incertae sedis","Scaridae","Scarus","Scarus niger","fish",,3,2014,,TRUE,TRUE,
219111,"Chordata","Teleostei","Eupercaria incertae sedis","Scaridae","Scarus","Scarus oviceps","fish",,14,2014,,TRUE,TRUE,
219093,"Chordata","Teleostei","Eupercaria incertae sedis","Scaridae","Scarus","Scarus prasiognathos","fish",,243,2014,,TRUE,TRUE,
219125,"Chordata","Teleostei","Eupercaria incertae sedis","Scaridae","Scarus","Scarus psittacus","fish",,14,2014,,TRUE,TRUE,
367210,"Chordata","Teleostei","Eupercaria incertae sedis","Scaridae","Scarus","Scarus rivulatus","fish",,214,2014,,TRUE,TRUE,
219124,"Chordata","Teleostei","Eupercaria incertae sedis","Scaridae","Scarus","Scarus rubroviolaceus","fish",,237,2014,,TRUE,TRUE,
276060,"Chordata","Teleostei","Eupercaria incertae sedis","Scaridae","Scarus","Scarus schlegeli","fish",,609,2015,,TRUE,TRUE,
219098,"Chordata","Teleostei","Eupercaria incertae sedis","Scaridae","Scarus","Scarus tricolor","fish",,4,2014,,TRUE,TRUE,
276783,"Chordata","Teleostei","Eupercaria incertae sedis","Nemipteridae","Scolopsis","Scolopsis affinis","fish",,8,2019,,TRUE,TRUE,
276784,"Chordata","Teleostei","Eupercaria incertae sedis","Nemipteridae","Scolopsis","Scolopsis aurata","fish",,1,1972,,TRUE,FALSE,
209219,"Chordata","Teleostei","Eupercaria incertae sedis","Nemipteridae","Scolopsis","Scolopsis bilineata","fish",,337,2014,,TRUE,TRUE,
1305061,"Chordata","Teleostei","Eupercaria incertae sedis","Nemipteridae","Scolopsis","Scolopsis meridiana","fish",,7,1991,,TRUE,TRUE,
276788,"Chordata","Teleostei","Eupercaria incertae sedis","Nemipteridae","Scolopsis","Scolopsis monogramma","fish",,84,2019,,TRUE,TRUE,
276789,"Chordata","Teleostei","Eupercaria incertae sedis","Nemipteridae","Scolopsis","Scolopsis taenioptera","fish",,6,1972,,TRUE,FALSE,
276792,"Chordata","Teleostei","Eupercaria incertae sedis","Nemipteridae","Scolopsis","Scolopsis xenochrous","fish",,10,2014,,TRUE,TRUE,
282791,"Chordata","Teleostei","Eupercaria incertae sedis","Sillaginidae","Sillaginodes","Sillaginodes punctatus","fish",,1,,,TRUE,FALSE,
273931,"Chordata","Teleostei","Eupercaria incertae sedis","Sillaginidae","Sillago","Sillago analis","fish",,10,2010,,TRUE,FALSE,
273936,"Chordata","Teleostei","Eupercaria incertae sedis","Sillaginidae","Sillago","Sillago bassensis","fish",,1,,,TRUE,FALSE,
273938,"Chordata","Teleostei","Eupercaria incertae sedis","Sillaginidae","Sillago","Sillago burrus","fish",,18,2010,,TRUE,TRUE,
273939,"Chordata","Teleostei","Eupercaria incertae sedis","Sillaginidae","Sillago","Sillago ciliata","fish",,1,1973,,TRUE,FALSE,
273942,"Chordata","Teleostei","Eupercaria incertae sedis","Sillaginidae","Sillago","Sillago ingenuua","fish",,3,2010,,TRUE,FALSE,
273945,"Chordata","Teleostei","Eupercaria incertae sedis","Sillaginidae","Sillago","Sillago lutea","fish",,48,2010,,TRUE,TRUE,
273947,"Chordata","Teleostei","Eupercaria incertae sedis","Sillaginidae","Sillago","Sillago maculata","fish",,6,1995,,TRUE,TRUE,
273953,"Chordata","Teleostei","Eupercaria incertae sedis","Sillaginidae","Sillago","Sillago schomburgkii","fish",,4,1991,,TRUE,FALSE,
127046,"Chordata","Teleostei","Eupercaria incertae sedis","Sillaginidae","Sillago","Sillago sihama","fish",,2,2010,,TRUE,FALSE,
273956,"Chordata","Teleostei","Eupercaria incertae sedis","Sillaginidae","Sillago","Sillago vittata","fish",,4,1987,,TRUE,TRUE,
151523,"Chordata","Teleostei","Eupercaria incertae sedis","Sparidae","Sparus","Sparus aurata","fish",,,,,FALSE,TRUE,
277106,"Chordata","Teleostei","Eupercaria incertae sedis","Labridae","Stethojulis","Stethojulis bandanensis","fish",,55,2014,,TRUE,TRUE,
219063,"Chordata","Teleostei","Eupercaria incertae sedis","Labridae","Stethojulis","Stethojulis interrupta","fish",,26,2014,,TRUE,TRUE,
219061,"Chordata","Teleostei","Eupercaria incertae sedis","Labridae","Stethojulis","Stethojulis strigiventer","fish",,20,2006,,TRUE,TRUE,
278740,"Chordata","Teleostei","Eupercaria incertae sedis","Labridae","Suezichthys","Suezichthys cyanolaemus","fish",,29,2021,,TRUE,TRUE,
282915,"Chordata","Teleostei","Eupercaria incertae sedis","Lutjanidae","Symphorus","Symphorus nematophorus","fish",,46,2019,,TRUE,TRUE,
212216,"Chordata","Teleostei","Eupercaria incertae sedis","Labridae","Thalassoma","Thalassoma amblycephalum","fish",,66,2014,,TRUE,TRUE,
212217,"Chordata","Teleostei","Eupercaria incertae sedis","Labridae","Thalassoma","Thalassoma hardwicke","fish",,92,2006,,TRUE,TRUE,
273582,"Chordata","Teleostei","Eupercaria incertae sedis","Labridae","Thalassoma","Thalassoma jansenii","fish",,2,2014,,TRUE,TRUE,
212209,"Chordata","Teleostei","Eupercaria incertae sedis","Labridae","Thalassoma","Thalassoma lunare","fish",,874,2015,,TRUE,TRUE,
273585,"Chordata","Teleostei","Eupercaria incertae sedis","Labridae","Thalassoma","Thalassoma lutescens","fish",,986,2015,,TRUE,TRUE,
212213,"Chordata","Teleostei","Eupercaria incertae sedis","Labridae","Thalassoma","Thalassoma purpureum","fish",,1,1977,,TRUE,TRUE,
212211,"Chordata","Teleostei","Eupercaria incertae sedis","Labridae","Thalassoma","Thalassoma quinquevittatum","fish",,2,2014,,TRUE,TRUE,
402495,"Chordata","Teleostei","Eupercaria incertae sedis","Labridae","Thalassoma","Thalassoma septemfasciatum","fish",,5,2014,,TRUE,TRUE,
283185,"Chordata","Teleostei","Eupercaria incertae sedis","Labridae","Xenojulis","Xenojulis margaritacea","fish",,1,1976,,TRUE,FALSE,
272292,"Chordata","Teleostei","Gadiformes","Bregmacerotidae","Bregmaceros","Bregmaceros japonicus","fish",,2,1964,,TRUE,FALSE,
280245,"Chordata","Teleostei","Gadiformes","Macrouridae","Coelorinchus","Coelorinchus acutirostris","fish",,2,2005,,TRUE,TRUE,
280280,"Chordata","Teleostei","Gadiformes","Macrouridae","Coelorinchus","Coelorinchus gaesorhynchus","fish",,2,2005,,TRUE,TRUE,
280316,"Chordata","Teleostei","Gadiformes","Macrouridae","Coelorinchus","Coelorinchus mirus","fish",,1,,,TRUE,FALSE,
272367,"Chordata","Teleostei","Gadiformes","Macrouridae","Gadomus","Gadomus pepperi","fish",,1,2001,,TRUE,FALSE,
272382,"Chordata","Teleostei","Gadiformes","Macrouridae","Hymenocephalus","Hymenocephalus nascens","fish",,1,2001,,TRUE,FALSE,
281417,"Chordata","Teleostei","Gadiformes","Macrouridae","Lucigadus","Lucigadus microlepis","fish",,2,2005,,TRUE,TRUE,
277195,"Chordata","Teleostei","Gadiformes","Macrouridae","Mataeocephalus","Mataeocephalus acipenserinus","fish",,1,2001,,TRUE,FALSE,
217778,"Chordata","Teleostei","Gadiformes","Macrouridae","Nezumia","Nezumia propinqua","fish",,3,2005,,TRUE,FALSE,
275594,"Chordata","Teleostei","Gadiformes","Macrouridae","Ventrifossa","Ventrifossa gomoni","fish",,4,2005,,TRUE,FALSE,
275595,"Chordata","Teleostei","Gadiformes","Macrouridae","Ventrifossa","Ventrifossa johnboborum","fish",,2,2005,,TRUE,FALSE,
275601,"Chordata","Teleostei","Gadiformes","Macrouridae","Ventrifossa","Ventrifossa nigrodorsalis","fish",,2,2005,,TRUE,TRUE,
275607,"Chordata","Teleostei","Gadiformes","Macrouridae","Ventrifossa","Ventrifossa sazonovi","fish",,2,2005,,TRUE,FALSE,
219756,"Chordata","Teleostei","Gobiesociformes","Gobiesocidae","Diademichthys","Diademichthys lineatus","fish",,9,1997,,TRUE,TRUE,
279218,"Chordata","Teleostei","Gobiesociformes","Gobiesocidae","Lepadichthys","Lepadichthys frenatus","fish",,1,2006,,TRUE,TRUE,
279219,"Chordata","Teleostei","Gobiesociformes","Gobiesocidae","Lepadichthys","Lepadichthys sandaracatus","fish",,1,1983,,TRUE,TRUE,
312542,"Chordata","Teleostei","Gobiiformes","Gobiidae","Acentrogobius","Acentrogobius nebulosus","fish",,28,2010,,TRUE,TRUE,
219369,"Chordata","Teleostei","Gobiiformes","Gobiidae","Acentrogobius","Acentrogobius viridipunctatus","fish",,1,1973,,TRUE,FALSE,
209273,"Chordata","Teleostei","Gobiiformes","Gobiidae","Amblyeleotris","Amblyeleotris steinitzi","fish",,,,,FALSE,TRUE,
209274,"Chordata","Teleostei","Gobiiformes","Gobiidae","Amblyeleotris","Amblyeleotris wheeleri","fish",,4,1977,,TRUE,TRUE,
278655,"Chordata","Teleostei","Gobiiformes","Gobiidae","Amblygobius","Amblygobius phalaena","fish",,18,2006,,TRUE,TRUE,
277497,"Chordata","Teleostei","Gobiiformes","Gobiidae","Asterropteryx","Asterropteryx semipunctata","fish",,5,1995,,TRUE,TRUE,
209216,"Chordata","Teleostei","Gobiiformes","Gobiidae","Bathygobius","Bathygobius cocosensis","fish",,117,1987,,TRUE,TRUE,
209210,"Chordata","Teleostei","Gobiiformes","Gobiidae","Bathygobius","Bathygobius cyclopterus","fish",,1,1977,,TRUE,TRUE,
209215,"Chordata","Teleostei","Gobiiformes","Gobiidae","Bathygobius","Bathygobius fuscus","fish",,53,1995,,TRUE,TRUE,
209214,"Chordata","Teleostei","Gobiiformes","Gobiidae","Bathygobius","Bathygobius laddi","fish",,7,1995,,TRUE,TRUE,
219392,"Chordata","Teleostei","Gobiiformes","Gobiidae","Bryaninops","Bryaninops amplus","fish",,,,,FALSE,TRUE,
278861,"Chordata","Teleostei","Gobiiformes","Gobiidae","Bryaninops","Bryaninops loki","fish",,2,1995,,TRUE,TRUE,
219351,"Chordata","Teleostei","Gobiiformes","Eleotridae","Butis","Butis butis","fish",,1,1996,,TRUE,FALSE,
219409,"Chordata","Teleostei","Gobiiformes","Gobiidae","Callogobius","Callogobius flavobrunneus","fish",,,,,FALSE,TRUE,
219410,"Chordata","Teleostei","Gobiiformes","Gobiidae","Callogobius","Callogobius sclateri","fish",,1,,,TRUE,TRUE,
280446,"Chordata","Teleostei","Gobiiformes","Gobiidae","Cryptocentroides","Cryptocentroides insignis","fish",,1,1980,,TRUE,FALSE,
278323,"Chordata","Teleostei","Gobiiformes","Gobiidae","Cryptocentrus","Cryptocentrus caeruleomaculatus","fish",,2,1972,,TRUE,FALSE,
219432,"Chordata","Teleostei","Gobiiformes","Gobiidae","Cryptocentrus","Cryptocentrus cryptocentrus","fish",,,,,FALSE,TRUE,
367253,"Chordata","Teleostei","Gobiiformes","Gobiidae","Cryptocentrus","Cryptocentrus fasciatus","fish",,,,,FALSE,TRUE,
1493407,"Chordata","Teleostei","Gobiiformes","Gobiidae","Cryptocentrus","Cryptocentrus liolepis","fish",,,,,FALSE,TRUE,
278338,"Chordata","Teleostei","Gobiiformes","Gobiidae","Cryptocentrus","Cryptocentrus melanopus","fish",,2,1972,,TRUE,FALSE,
398631,"Chordata","Teleostei","Gobiiformes","Gobiidae","Ctenogobiops","Ctenogobiops mitodes","fish",,,,,FALSE,TRUE,
278352,"Chordata","Teleostei","Gobiiformes","Gobiidae","Ctenogobiops","Ctenogobiops pomastictus","fish",,1,1977,,TRUE,TRUE,
219447,"Chordata","Teleostei","Gobiiformes","Gobiidae","Drombus","Drombus triangularis","fish",,1,2010,,TRUE,FALSE,
278582,"Chordata","Teleostei","Gobiiformes","Gobiidae","Eviota","Eviota bimaculata","fish",,2,1983,,TRUE,TRUE,
219456,"Chordata","Teleostei","Gobiiformes","Gobiidae","Eviota","Eviota distigma","fish",,10,1984,,TRUE,TRUE,
219452,"Chordata","Teleostei","Gobiiformes","Gobiidae","Eviota","Eviota guttata","fish",,1,1993,,TRUE,TRUE,
388749,"Chordata","Teleostei","Gobiiformes","Gobiidae","Eviota","Eviota hoesei","fish",,13,1996,,TRUE,FALSE,
278596,"Chordata","Teleostei","Gobiiformes","Gobiidae","Eviota","Eviota melasma","fish",,2,1977,,TRUE,TRUE,
278604,"Chordata","Teleostei","Gobiiformes","Gobiidae","Eviota","Eviota queenslandica","fish",,,,,FALSE,TRUE,
219461,"Chordata","Teleostei","Gobiiformes","Gobiidae","Eviota","Eviota sebreei","fish",,1,1977,,TRUE,TRUE,
219465,"Chordata","Teleostei","Gobiiformes","Gobiidae","Exyrias","Exyrias belissimus","fish",,,,,FALSE,TRUE,
279067,"Chordata","Teleostei","Gobiiformes","Gobiidae","Feia","Feia nota","fish",,1,1996,,TRUE,FALSE,
278766,"Chordata","Teleostei","Gobiiformes","Gobiidae","Fusigobius","Fusigobius duospilus","fish",,6,1993,,TRUE,TRUE,
278767,"Chordata","Teleostei","Gobiiformes","Gobiidae","Fusigobius","Fusigobius inframaculatus","fish",,,,,FALSE,TRUE,
278768,"Chordata","Teleostei","Gobiiformes","Gobiidae","Fusigobius","Fusigobius maximus","fish",,1,1976,,TRUE,FALSE,
219467,"Chordata","Teleostei","Gobiiformes","Gobiidae","Fusigobius","Fusigobius neophytus","fish",,1,1993,,TRUE,TRUE,
219475,"Chordata","Teleostei","Gobiiformes","Gobiidae","Gnatholepis","Gnatholepis anjerensis","fish",,1,1993,,TRUE,TRUE,
219476,"Chordata","Teleostei","Gobiiformes","Gobiidae","Gnatholepis","Gnatholepis cauerensis","fish",,9,1983,,TRUE,TRUE,
276924,"Chordata","Teleostei","Gobiiformes","Gobiidae","Gobiodon","Gobiodon axillaris","fish","VU",2,2015,,TRUE,TRUE,
219479,"Chordata","Teleostei","Gobiiformes","Gobiidae","Gobiodon","Gobiodon citrinus","fish",,11,1975,,TRUE,TRUE,
309999,"Chordata","Teleostei","Gobiiformes","Gobiidae","Gobiodon","Gobiodon erythrospilus","fish","VU",2,1983,,TRUE,FALSE,
276928,"Chordata","Teleostei","Gobiiformes","Gobiidae","Gobiodon","Gobiodon histrio","fish",,1,1977,,TRUE,TRUE,
276933,"Chordata","Teleostei","Gobiiformes","Gobiidae","Gobiodon","Gobiodon quinquestrigatus","fish",,3,1993,,TRUE,TRUE,
277782,"Chordata","Teleostei","Gobiiformes","Gobiidae","Gobiopsis","Gobiopsis aporia","fish",,1,1977,,TRUE,FALSE,
277783,"Chordata","Teleostei","Gobiiformes","Gobiidae","Gobiopsis","Gobiopsis arenaria","fish",,1,1983,,TRUE,TRUE,
219504,"Chordata","Teleostei","Gobiiformes","Gobiidae","Istigobius","Istigobius decoratus","fish",,6,1980,,TRUE,TRUE,
278034,"Chordata","Teleostei","Gobiiformes","Gobiidae","Istigobius","Istigobius goldmanni","fish",,,,,FALSE,TRUE,
278037,"Chordata","Teleostei","Gobiiformes","Gobiidae","Istigobius","Istigobius nigroocellatus","fish",,1,1995,,TRUE,FALSE,
219505,"Chordata","Teleostei","Gobiiformes","Gobiidae","Istigobius","Istigobius ornatus","fish",,2,1995,,TRUE,FALSE,
278039,"Chordata","Teleostei","Gobiiformes","Gobiidae","Istigobius","Istigobius rigilius","fish",,,,,FALSE,TRUE,
219511,"Chordata","Teleostei","Gobiiformes","Gobiidae","Macrodontogobius","Macrodontogobius wilburi","fish",,,,,FALSE,TRUE,
281575,"Chordata","Teleostei","Gobiiformes","Eleotridae","Milyeringa","Milyeringa veritas","fish","EN",75,2009,,TRUE,TRUE,
219611,"Chordata","Teleostei","Gobiiformes","Microdesmidae","Nemateleotris","Nemateleotris magnifica","fish",,,,,FALSE,TRUE,
219523,"Chordata","Teleostei","Gobiiformes","Gobiidae","Oplopomus","Oplopomus oplopomus","fish",,1,1991,,TRUE,FALSE,
273454,"Chordata","Teleostei","Gobiiformes","Gobiidae","Oxyurichthys","Oxyurichthys auchenolepis","fish",,4,2005,,TRUE,TRUE,
219534,"Chordata","Teleostei","Gobiiformes","Gobiidae","Parachaeturichthys","Parachaeturichthys polynema","fish",,2,1964,,TRUE,FALSE,
219535,"Chordata","Teleostei","Gobiiformes","Gobiidae","Paragobiodon","Paragobiodon echinocephalus","fish",,,,,FALSE,TRUE,
1419150,"Chordata","Teleostei","Gobiiformes","Gobiidae","Paragobiodon","Paragobiodon melanosoma","fish",,1,1993,,TRUE,TRUE,
398626,"Chordata","Teleostei","Gobiiformes","Gobiidae","Paratrypauchen","Paratrypauchen microcephalus","fish",,1,1982,,TRUE,FALSE,
278747,"Chordata","Teleostei","Gobiiformes","Microdesmidae","Parioglossus","Parioglossus formosus","fish",,,,,FALSE,TRUE,
209268,"Chordata","Teleostei","Gobiiformes","Gobiidae","Periophthalmus","Periophthalmus argentilineatus","fish",,7,2010,,TRUE,FALSE,
219549,"Chordata","Teleostei","Gobiiformes","Gobiidae","Priolepis","Priolepis cincta","fish",,9,1983,,TRUE,TRUE,
276772,"Chordata","Teleostei","Gobiiformes","Gobiidae","Priolepis","Priolepis nuchifasciata","fish",,13,2001,,TRUE,TRUE,
276778,"Chordata","Teleostei","Gobiiformes","Gobiidae","Priolepis","Priolepis semidoliata","fish",,3,1983,,TRUE,TRUE,
219622,"Chordata","Teleostei","Gobiiformes","Microdesmidae","Ptereleotris","Ptereleotris evides","fish",,16,2014,,TRUE,TRUE,
219616,"Chordata","Teleostei","Gobiiformes","Microdesmidae","Ptereleotris","Ptereleotris microlepis","fish",,53,2014,,TRUE,FALSE,
273473,"Chordata","Teleostei","Gobiiformes","Gobiidae","Silhouettea","Silhouettea hoesei","fish",,1,1987,,TRUE,TRUE,
219564,"Chordata","Teleostei","Gobiiformes","Gobiidae","Silhouettea","Silhouettea insinuans","fish",,1,1976,,TRUE,FALSE,
712803,"Chordata","Teleostei","Gobiiformes","Trichonotidae","Trichonotus","Trichonotus blochii","fish",,2,,,TRUE,FALSE,
278503,"Chordata","Teleostei","Gobiiformes","Gobiidae","Trimma","Trimma lantana","fish",,5,1983,,TRUE,TRUE,
312023,"Chordata","Teleostei","Gobiiformes","Gobiidae","Trimma","Trimma macrophthalmum","fish",,,,,FALSE,TRUE,
278508,"Chordata","Teleostei","Gobiiformes","Gobiidae","Trimma","Trimma okinawae","fish",,9,1983,,TRUE,TRUE,
1486864,"Chordata","Teleostei","Gobiiformes","Gobiidae","Trimma","Trimma unisquame","fish",,,,,FALSE,TRUE,
890488,"Chordata","Teleostei","Gobiiformes","Gobiidae","Trimma","Trimma xanthum","fish",,1,1980,,TRUE,FALSE,
277032,"Chordata","Teleostei","Gobiiformes","Gobiidae","Valenciennea","Valenciennea longipinnis","fish",,4,1977,,TRUE,TRUE,
277033,"Chordata","Teleostei","Gobiiformes","Gobiidae","Valenciennea","Valenciennea muralis","fish",,17,1995,,TRUE,TRUE,
219595,"Chordata","Teleostei","Gobiiformes","Gobiidae","Valenciennea","Valenciennea puellaris","fish",,,,,FALSE,TRUE,
219599,"Chordata","Teleostei","Gobiiformes","Gobiidae","Valenciennea","Valenciennea strigata","fish",,,,,FALSE,TRUE,
219600,"Chordata","Teleostei","Gobiiformes","Gobiidae","Vanderhorstia","Vanderhorstia ornatissima","fish",,2,1980,,TRUE,TRUE,
217625,"Chordata","Teleostei","Gonorynchiformes","Chanidae","Chanos","Chanos chanos","fish",,4,2006,,TRUE,TRUE,
277930,"Chordata","Teleostei","Gonorynchiformes","Gonorynchidae","Gonorynchus","Gonorynchus greyi","fish",,3,1995,,TRUE,TRUE,
217927,"Chordata","Teleostei","Holocentriformes","Holocentridae","Myripristis","Myripristis berndti","fish",,1,1977,,TRUE,TRUE,
217922,"Chordata","Teleostei","Holocentriformes","Holocentridae","Myripristis","Myripristis botche","fish",,20,2019,,TRUE,TRUE,
217928,"Chordata","Teleostei","Holocentriformes","Holocentridae","Myripristis","Myripristis hexagona","fish",,,,,FALSE,TRUE,
217915,"Chordata","Teleostei","Holocentriformes","Holocentridae","Myripristis","Myripristis kuntee","fish",,2,1977,,TRUE,TRUE,
217925,"Chordata","Teleostei","Holocentriformes","Holocentridae","Myripristis","Myripristis murdjan","fish",,6,1993,,TRUE,TRUE,
217914,"Chordata","Teleostei","Holocentriformes","Holocentridae","Myripristis","Myripristis violacea","fish",,1,1993,,TRUE,TRUE,
217940,"Chordata","Teleostei","Holocentriformes","Holocentridae","Sargocentron","Sargocentron caudimaculatum","fish",,,,,FALSE,TRUE,
217946,"Chordata","Teleostei","Holocentriformes","Holocentridae","Sargocentron","Sargocentron cornutum","fish",,,,,FALSE,TRUE,
217947,"Chordata","Teleostei","Holocentriformes","Holocentridae","Sargocentron","Sargocentron diadema","fish",,1,2006,,TRUE,TRUE,
217942,"Chordata","Teleostei","Holocentriformes","Holocentridae","Sargocentron","Sargocentron melanospilos","fish",,,,,FALSE,TRUE,
217945,"Chordata","Teleostei","Holocentriformes","Holocentridae","Sargocentron","Sargocentron praslin","fish",,1,,,TRUE,FALSE,
126400,"Chordata","Teleostei","Holocentriformes","Holocentridae","Sargocentron","Sargocentron rubrum","fish",,15,2015,,TRUE,TRUE,
217954,"Chordata","Teleostei","Holocentriformes","Holocentridae","Sargocentron","Sargocentron tiere","fish",,1,1977,,TRUE,TRUE,
209308,"Chordata","Teleostei","Kurtiformes","Apogonidae","Apogon","Apogon crassiceps","fish",,2,1975,,TRUE,TRUE,
1536365,"Chordata","Teleostei","Kurtiformes","Apogonidae","Apogon","Apogon fugax","fish",,2,2005,,TRUE,TRUE,
209364,"Chordata","Teleostei","Kurtiformes","Apogonidae","Apogon","Apogon semiornatus","fish",,6,1983,,TRUE,TRUE,
475103,"Chordata","Teleostei","Kurtiformes","Apogonidae","Apogonichthyoides","Apogonichthyoides atripes","fish",,9,1975,,TRUE,FALSE,
475067,"Chordata","Teleostei","Kurtiformes","Apogonidae","Apogonichthyoides","Apogonichthyoides brevicaudatus","fish",,5,1991,,TRUE,TRUE,
209390,"Chordata","Teleostei","Kurtiformes","Apogonidae","Apogonichthyoides","Apogonichthyoides nigripinnis","fish",,1,2013,,TRUE,TRUE,
475093,"Chordata","Teleostei","Kurtiformes","Apogonidae","Apogonichthyoides","Apogonichthyoides timorensis","fish",,3,1987,,TRUE,TRUE,
209384,"Chordata","Teleostei","Kurtiformes","Apogonidae","Apogonichthys","Apogonichthys ocellatus","fish",,8,1954,,TRUE,TRUE,
209383,"Chordata","Teleostei","Kurtiformes","Apogonidae","Apogonichthys","Apogonichthys perdix","fish",,1,1987,,TRUE,TRUE,
280082,"Chordata","Teleostei","Kurtiformes","Apogonidae","Cercamia","Cercamia eremia","fish",,3,1977,,TRUE,TRUE,
209377,"Chordata","Teleostei","Kurtiformes","Apogonidae","Cheilodipterus","Cheilodipterus artus","fish",,,,,FALSE,TRUE,
278891,"Chordata","Teleostei","Kurtiformes","Apogonidae","Cheilodipterus","Cheilodipterus intermedius","fish",,,,,FALSE,TRUE,
278892,"Chordata","Teleostei","Kurtiformes","Apogonidae","Cheilodipterus","Cheilodipterus isostigmus","fish",,,,,FALSE,TRUE,
209373,"Chordata","Teleostei","Kurtiformes","Apogonidae","Cheilodipterus","Cheilodipterus macrodon","fish",,2,1980,,TRUE,TRUE,
278895,"Chordata","Teleostei","Kurtiformes","Apogonidae","Cheilodipterus","Cheilodipterus parazonatus","fish",,1,2006,,TRUE,TRUE,
209371,"Chordata","Teleostei","Kurtiformes","Apogonidae","Cheilodipterus","Cheilodipterus quinquelineatus","fish",,10,2019,,TRUE,TRUE,
279256,"Chordata","Teleostei","Kurtiformes","Apogonidae","Foa","Foa fo","fish",,2,1983,,TRUE,FALSE,
209401,"Chordata","Teleostei","Kurtiformes","Apogonidae","Fowleria","Fowleria aurita","fish",,3,1983,,TRUE,FALSE,
209403,"Chordata","Teleostei","Kurtiformes","Apogonidae","Fowleria","Fowleria variegata","fish",,6,1993,,TRUE,TRUE,
712638,"Chordata","Teleostei","Kurtiformes","Apogonidae","Jaydia","Jaydia argyrogaster","fish",,1,1975,,TRUE,FALSE,
1022729,"Chordata","Teleostei","Kurtiformes","Apogonidae","Jaydia","Jaydia carinatus","fish",,2,2005,,TRUE,TRUE,
1059799,"Chordata","Teleostei","Kurtiformes","Apogonidae","Jaydia","Jaydia poeciloptera","fish",,13,1991,,TRUE,FALSE,
398505,"Chordata","Teleostei","Kurtiformes","Apogonidae","Nectamia","Nectamia fusca","fish",,19,1993,,TRUE,TRUE,
398507,"Chordata","Teleostei","Kurtiformes","Apogonidae","Nectamia","Nectamia luxuria","fish",,2,1980,,TRUE,TRUE,
398508,"Chordata","Teleostei","Kurtiformes","Apogonidae","Nectamia","Nectamia savayensis","fish",,4,2010,,TRUE,TRUE,
319874,"Chordata","Teleostei","Kurtiformes","Apogonidae","Ostorhinchus","Ostorhinchus angustatus","fish",,4,2006,,TRUE,TRUE,
712648,"Chordata","Teleostei","Kurtiformes","Apogonidae","Ostorhinchus","Ostorhinchus aureus","fish",,59,2009,,TRUE,TRUE,
1010505,"Chordata","Teleostei","Kurtiformes","Apogonidae","Ostorhinchus","Ostorhinchus bryx","fish",,1,2005,,TRUE,TRUE,
713302,"Chordata","Teleostei","Kurtiformes","Apogonidae","Ostorhinchus","Ostorhinchus capricornis","fish",,,,,FALSE,TRUE,
712649,"Chordata","Teleostei","Kurtiformes","Apogonidae","Ostorhinchus","Ostorhinchus cavitensis","fish",,,,,FALSE,TRUE,
712651,"Chordata","Teleostei","Kurtiformes","Apogonidae","Ostorhinchus","Ostorhinchus chrysotaenia","fish",,1,,,TRUE,TRUE,
712654,"Chordata","Teleostei","Kurtiformes","Apogonidae","Ostorhinchus","Ostorhinchus cookii","fish",,28,1995,,TRUE,TRUE,
319876,"Chordata","Teleostei","Kurtiformes","Apogonidae","Ostorhinchus","Ostorhinchus cyanosoma","fish",,15,2010,,TRUE,TRUE,
713303,"Chordata","Teleostei","Kurtiformes","Apogonidae","Ostorhinchus","Ostorhinchus doederleini","fish",,38,2006,,TRUE,TRUE,
319877,"Chordata","Teleostei","Kurtiformes","Apogonidae","Ostorhinchus","Ostorhinchus endekataenia","fish",,4,1972,,TRUE,TRUE,
712656,"Chordata","Teleostei","Kurtiformes","Apogonidae","Ostorhinchus","Ostorhinchus fasciatus","fish",,11,2019,,TRUE,TRUE,
319878,"Chordata","Teleostei","Kurtiformes","Apogonidae","Ostorhinchus","Ostorhinchus fleurieu","fish",,10,2014,,TRUE,FALSE,
712674,"Chordata","Teleostei","Kurtiformes","Apogonidae","Ostorhinchus","Ostorhinchus monospilus","fish",,1,,,TRUE,TRUE,
712679,"Chordata","Teleostei","Kurtiformes","Apogonidae","Ostorhinchus","Ostorhinchus nigrofasciatus","fish",,,,,FALSE,TRUE,
1011718,"Chordata","Teleostei","Kurtiformes","Apogonidae","Ostorhinchus","Ostorhinchus pallidofasciatus","fish",,6,1976,,TRUE,TRUE,
712684,"Chordata","Teleostei","Kurtiformes","Apogonidae","Ostorhinchus","Ostorhinchus properuptus","fish",,1,1975,,TRUE,TRUE,
712685,"Chordata","Teleostei","Kurtiformes","Apogonidae","Ostorhinchus","Ostorhinchus rueppellii","fish",,20,2009,,TRUE,TRUE,
1022235,"Chordata","Teleostei","Kurtiformes","Apogonidae","Ostorhinchus","Ostorhinchus semilineatus","fish",,2,2005,,TRUE,TRUE,
713308,"Chordata","Teleostei","Kurtiformes","Apogonidae","Ostorhinchus","Ostorhinchus septemstriatus","fish",,3,2001,,TRUE,TRUE,
712689,"Chordata","Teleostei","Kurtiformes","Apogonidae","Ostorhinchus","Ostorhinchus taeniophorus","fish",,4,1977,,TRUE,TRUE,
712693,"Chordata","Teleostei","Kurtiformes","Apogonidae","Ostorhinchus","Ostorhinchus wassinki","fish",,,,,FALSE,TRUE,
712695,"Chordata","Teleostei","Kurtiformes","Apogonidae","Pristiapogon","Pristiapogon exostigma","fish",,,,,FALSE,TRUE,
209369,"Chordata","Teleostei","Kurtiformes","Apogonidae","Pristiapogon","Pristiapogon fraenatus","fish",,3,1980,,TRUE,TRUE,
712696,"Chordata","Teleostei","Kurtiformes","Apogonidae","Pristiapogon","Pristiapogon kallopterus","fish",,2,1993,,TRUE,TRUE,
712699,"Chordata","Teleostei","Kurtiformes","Apogonidae","Pristicon","Pristicon trimaculatus","fish",,1,1977,,TRUE,TRUE,
209301,"Chordata","Teleostei","Kurtiformes","Apogonidae","Pseudamiops","Pseudamiops gracilicauda","fish",,1,1993,,TRUE,TRUE,
320892,"Chordata","Teleostei","Kurtiformes","Apogonidae","Quinca","Quinca mirifica","fish",,10,1995,,TRUE,TRUE,
209406,"Chordata","Teleostei","Kurtiformes","Apogonidae","Rhabdamia","Rhabdamia gracilis","fish",,2,1979,,TRUE,FALSE,
277703,"Chordata","Teleostei","Kurtiformes","Apogonidae","Siphamia","Siphamia majimai","fish",,2,1972,,TRUE,TRUE,
1010872,"Chordata","Teleostei","Kurtiformes","Apogonidae","Taeniamia","Taeniamia fucata","fish",,4,1980,,TRUE,TRUE,
1043456,"Chordata","Teleostei","Kurtiformes","Apogonidae","Verulux","Verulux cypselurus","fish",,4,1976,,TRUE,TRUE,
712709,"Chordata","Teleostei","Kurtiformes","Apogonidae","Zapogon","Zapogon evermanni","fish",,1,,,TRUE,FALSE,
217885,"Chordata","Teleostei","Lampriformes","Veliferidae","Metavelifer","Metavelifer multiradiatus","fish",,6,1997,,TRUE,FALSE,
272534,"Chordata","Teleostei","Lampriformes","Trachipteridae","Trachipterus","Trachipterus jacksonensis","fish",,1,2000,,TRUE,FALSE,
217887,"Chordata","Teleostei","Lampriformes","Veliferidae","Velifer","Velifer hypselopterus","fish",,23,2019,,TRUE,TRUE,
1605256,"Chordata","Teleostei","Lophiiformes","Antennariidae","Abantennarius","Abantennarius coccineus","fish",,,,,FALSE,TRUE,
1605260,"Chordata","Teleostei","Lophiiformes","Antennariidae","Abantennarius","Abantennarius nummifer","fish",,6,1977,,TRUE,TRUE,
279553,"Chordata","Teleostei","Lophiiformes","Histiophrynidae","Allenichthys","Allenichthys glauerti","fish",,1,,,TRUE,FALSE,
217852,"Chordata","Teleostei","Lophiiformes","Antennariidae","Antennarius","Antennarius commerson","fish",,,,,FALSE,TRUE,
217851,"Chordata","Teleostei","Lophiiformes","Antennariidae","Antennarius","Antennarius pictus","fish",,2,1952,,TRUE,TRUE,
158790,"Chordata","Teleostei","Lophiiformes","Antennariidae","Antennarius","Antennarius striatus","fish",,9,1976,,TRUE,TRUE,
279061,"Chordata","Teleostei","Lophiiformes","Ogcocephalidae","Halieutaea","Halieutaea brevicauda","fish",,4,2005,,TRUE,TRUE,
126533,"Chordata","Teleostei","Lophiiformes","Antennariidae","Histrio","Histrio histrio","fish",,2,1996,,TRUE,TRUE,
281393,"Chordata","Teleostei","Lophiiformes","Histiophrynidae","Lophiocharon","Lophiocharon trisignatus","fish",,6,1974,,TRUE,TRUE,
217837,"Chordata","Teleostei","Lophiiformes","Lophiidae","Lophiodes","Lophiodes mutilus","fish",,1,2001,,TRUE,FALSE,
217838,"Chordata","Teleostei","Lophiiformes","Lophiidae","Lophiomus","Lophiomus setigerus","fish",,9,2005,,TRUE,TRUE,
1517709,"Chordata","Teleostei","Lophiiformes","Ogcocephalidae","Malthopsis","Malthopsis oculata","fish",,2,2005,,TRUE,TRUE,
282935,"Chordata","Teleostei","Lophiiformes","Tathicarpidae","Tathicarpus","Tathicarpus butleri","fish",,12,1991,,TRUE,TRUE,
282943,"Chordata","Teleostei","Lophiiformes","Tetrabrachiidae","Tetrabrachium","Tetrabrachium ocellatum","fish",,1,2005,,TRUE,TRUE,
279546,"Chordata","Teleostei","Mugiliformes","Mugilidae","Aldrichetta","Aldrichetta forsteri","fish",,3,1954,,TRUE,TRUE,
1042834,"Chordata","Teleostei","Mugiliformes","Mugilidae","Crenimugil","Crenimugil buchanani","fish",,2,,,TRUE,TRUE,
1043477,"Chordata","Teleostei","Mugiliformes","Mugilidae","Crenimugil","Crenimugil seheli","fish",,,,,FALSE,TRUE,
218878,"Chordata","Teleostei","Mugiliformes","Mugilidae","Ellochelon","Ellochelon vaigiensis","fish",,5,2006,,TRUE,FALSE,
126983,"Chordata","Teleostei","Mugiliformes","Mugilidae","Mugil","Mugil cephalus","fish",,17,2015,,TRUE,TRUE,
1043423,"Chordata","Teleostei","Mugiliformes","Mugilidae","Planiliza","Planiliza alata","fish",,2,,,TRUE,FALSE,
1509596,"Chordata","Teleostei","Mugiliformes","Mugilidae","Planiliza","Planiliza melinoptera","fish",,4,1975,,TRUE,TRUE,
1043426,"Chordata","Teleostei","Mugiliformes","Mugilidae","Planiliza","Planiliza subviridis","fish",,14,2010,,TRUE,FALSE,
218647,"Chordata","Teleostei","Mulliformes","Mullidae","Mulloidichthys","Mulloidichthys flavolineatus","fish",,42,2006,,TRUE,TRUE,
218648,"Chordata","Teleostei","Mulliformes","Mullidae","Mulloidichthys","Mulloidichthys vanicolensis","fish",,5,2014,,TRUE,TRUE,
277810,"Chordata","Teleostei","Mulliformes","Mullidae","Parupeneus","Parupeneus barberinoides","fish",,319,2014,,TRUE,TRUE,
218660,"Chordata","Teleostei","Mulliformes","Mullidae","Parupeneus","Parupeneus barberinus","fish",,7,2014,,TRUE,TRUE,
277813,"Chordata","Teleostei","Mulliformes","Mullidae","Parupeneus","Parupeneus chrysopleuron","fish",,53,2021,,TRUE,TRUE,
277814,"Chordata","Teleostei","Mulliformes","Mullidae","Parupeneus","Parupeneus crassilabris","fish",,,,,FALSE,TRUE,
218665,"Chordata","Teleostei","Mulliformes","Mullidae","Parupeneus","Parupeneus cyclostomus","fish",,225,2021,,TRUE,TRUE,
218657,"Chordata","Teleostei","Mulliformes","Mullidae","Parupeneus","Parupeneus heptacanthus","fish",,77,2021,,TRUE,TRUE,
218658,"Chordata","Teleostei","Mulliformes","Mullidae","Parupeneus","Parupeneus indicus","fish",,133,2021,,TRUE,TRUE,
277820,"Chordata","Teleostei","Mulliformes","Mullidae","Parupeneus","Parupeneus multifasciatus","fish",,134,2021,,TRUE,TRUE,
218656,"Chordata","Teleostei","Mulliformes","Mullidae","Parupeneus","Parupeneus pleurostigma","fish",,103,2014,,TRUE,TRUE,
277825,"Chordata","Teleostei","Mulliformes","Mullidae","Parupeneus","Parupeneus spilurus","fish",,422,2021,,TRUE,TRUE,
277826,"Chordata","Teleostei","Mulliformes","Mullidae","Parupeneus","Parupeneus trifasciatus","fish",,1,2006,,TRUE,TRUE,
283081,"Chordata","Teleostei","Mulliformes","Mullidae","Upeneichthys","Upeneichthys lineatus","fish",,2,1954,,TRUE,TRUE,
126988,"Chordata","Teleostei","Mulliformes","Mullidae","Upeneus","Upeneus asymmetricus","fish",,2,2013,,TRUE,TRUE,
273669,"Chordata","Teleostei","Mulliformes","Mullidae","Upeneus","Upeneus luzonius","fish",,4,1954,,TRUE,TRUE,
474984,"Chordata","Teleostei","Mulliformes","Mullidae","Upeneus","Upeneus margarethae","fish",,,,,FALSE,TRUE,
126989,"Chordata","Teleostei","Mulliformes","Mullidae","Upeneus","Upeneus moluccensis","fish",,4,2013,,TRUE,TRUE,
218690,"Chordata","Teleostei","Mulliformes","Mullidae","Upeneus","Upeneus sulphureus","fish",,1,1991,,TRUE,FALSE,
273673,"Chordata","Teleostei","Mulliformes","Mullidae","Upeneus","Upeneus sundaicus","fish",,9,1991,,TRUE,TRUE,
218689,"Chordata","Teleostei","Mulliformes","Mullidae","Upeneus","Upeneus tragula","fish",,42,2015,,TRUE,TRUE,
218691,"Chordata","Teleostei","Mulliformes","Mullidae","Upeneus","Upeneus vittatus","fish",,3,2006,,TRUE,FALSE,
217681,"Chordata","Teleostei","Myctophiformes","Myctophidae","Benthosema","Benthosema fibulatum","fish",,2,1991,,TRUE,FALSE,
158888,"Chordata","Teleostei","Myctophiformes","Myctophidae","Diaphus","Diaphus garmani","fish",,5,1964,,TRUE,FALSE,
217691,"Chordata","Teleostei","Myctophiformes","Myctophidae","Diaphus","Diaphus watasei","fish",,19,2005,,TRUE,TRUE,
272720,"Chordata","Teleostei","Myctophiformes","Myctophidae","Myctophum","Myctophum brachygnathum","fish",,2,1991,,TRUE,FALSE,
126634,"Chordata","Teleostei","Myctophiformes","Neoscopelidae","Neoscopelus","Neoscopelus macrolepidotus","fish",,4,2005,,TRUE,FALSE,
220357,"Chordata","Teleostei","Ophidiiformes","Bythitidae","Brosmophyciops","Brosmophyciops pautzkei","fish",,1,1977,,TRUE,TRUE,
217797,"Chordata","Teleostei","Ophidiiformes","Ophidiidae","Brotula","Brotula multibarbata","fish",,1,,,TRUE,FALSE,
280520,"Chordata","Teleostei","Ophidiiformes","Bythitidae","Diancistrus","Diancistrus alleni","fish",,1,1977,,TRUE,TRUE,
280530,"Chordata","Teleostei","Ophidiiformes","Bythitidae","Diancistrus","Diancistrus jeffjohnsoni","fish",,2,1983,,TRUE,FALSE,
398393,"Chordata","Teleostei","Ophidiiformes","Bythitidae","Didymothallus","Didymothallus mizolepis","fish",,3,1995,,TRUE,FALSE,
712483,"Chordata","Teleostei","Ophidiiformes","Bythitidae","Didymothallus","Didymothallus nudigena","fish",,2,1972,,TRUE,FALSE,
280555,"Chordata","Teleostei","Ophidiiformes","Bythitidae","Dipulus","Dipulus caecus","fish",,3,1983,,TRUE,FALSE,
217831,"Chordata","Teleostei","Ophidiiformes","Carapidae","Eurypleuron","Eurypleuron owasianum","fish",,1,2005,,TRUE,TRUE,
398396,"Chordata","Teleostei","Ophidiiformes","Bythitidae","Eusurculus","Eusurculus pistillum","fish",,2,1993,,TRUE,TRUE,
278389,"Chordata","Teleostei","Ophidiiformes","Ophidiidae","Glyptophidium","Glyptophidium japonicum","fish",,2,2005,,TRUE,FALSE,
276639,"Chordata","Teleostei","Ophidiiformes","Ophidiidae","Neobythites","Neobythites soelae","fish",,4,2005,,TRUE,TRUE,
835165,"Chordata","Teleostei","Ophidiiformes","Ophidiidae","Sirembo","Sirembo wami","fish",,1,1972,,TRUE,FALSE,
398410,"Chordata","Teleostei","Ophidiiformes","Bythitidae","Zephyrichthys","Zephyrichthys barryi","fish",,1,1980,,TRUE,TRUE,
212885,"Chordata","Teleostei","Ovalentaria incertae sedis","Pomacentridae","Abudefduf","Abudefduf bengalensis","fish",,144,2015,,TRUE,TRUE,
212878,"Chordata","Teleostei","Ovalentaria incertae sedis","Pomacentridae","Abudefduf","Abudefduf septemfasciatus","fish",,3,,,TRUE,FALSE,
159289,"Chordata","Teleostei","Ovalentaria incertae sedis","Pomacentridae","Abudefduf","Abudefduf sexfasciatus","fish",,273,2014,,TRUE,TRUE,
212888,"Chordata","Teleostei","Ovalentaria incertae sedis","Pomacentridae","Abudefduf","Abudefduf sordidus","fish",,16,1996,,TRUE,TRUE,
212879,"Chordata","Teleostei","Ovalentaria incertae sedis","Pomacentridae","Abudefduf","Abudefduf vaigiensis","fish",,40,2015,,TRUE,TRUE,
279469,"Chordata","Teleostei","Ovalentaria incertae sedis","Pomacentridae","Acanthochromis","Acanthochromis polyacanthus","fish",,4,2006,,TRUE,TRUE,
277729,"Chordata","Teleostei","Ovalentaria incertae sedis","Ambassidae","Ambassis","Ambassis agrammus","fish",,1,1975,,TRUE,FALSE,
277740,"Chordata","Teleostei","Ovalentaria incertae sedis","Ambassidae","Ambassis","Ambassis vachellii","fish",,2,2000,,TRUE,FALSE,
277595,"Chordata","Teleostei","Ovalentaria incertae sedis","Pomacentridae","Amblyglyphidodon","Amblyglyphidodon aureus","fish",,1,2006,,TRUE,TRUE,
212783,"Chordata","Teleostei","Ovalentaria incertae sedis","Pomacentridae","Amphiprion","Amphiprion clarkii","fish",,7,1975,,TRUE,TRUE,
278403,"Chordata","Teleostei","Ovalentaria incertae sedis","Pomacentridae","Amphiprion","Amphiprion perideraion","fish",,1,1975,,TRUE,TRUE,
278404,"Chordata","Teleostei","Ovalentaria incertae sedis","Pomacentridae","Amphiprion","Amphiprion rubrocinctus","fish",,2,1977,,TRUE,TRUE,
278405,"Chordata","Teleostei","Ovalentaria incertae sedis","Pomacentridae","Amphiprion","Amphiprion sandaracinos","fish",,1,1976,,TRUE,FALSE,
279765,"Chordata","Teleostei","Ovalentaria incertae sedis","Pseudochromidae","Assiculus","Assiculus punctatus","fish",,11,1995,,TRUE,TRUE,
279890,"Chordata","Teleostei","Ovalentaria incertae sedis","Plesiopidae","Belonepterygion","Belonepterygion fasciolatum","fish",,2,1983,,TRUE,FALSE,
279919,"Chordata","Teleostei","Ovalentaria incertae sedis","Pseudochromidae","Blennodesmus","Blennodesmus scapularis","fish",,8,1995,,TRUE,TRUE,
218340,"Chordata","Teleostei","Ovalentaria incertae sedis","Plesiopidae","Calloplesiops","Calloplesiops altivelis","fish",,1,,,TRUE,TRUE,
280136,"Chordata","Teleostei","Ovalentaria incertae sedis","Pomacentridae","Cheiloprion","Cheiloprion labiatus","fish",,1,2015,,TRUE,TRUE,
212812,"Chordata","Teleostei","Ovalentaria incertae sedis","Pomacentridae","Chromis","Chromis atripectoralis","fish",,,,,FALSE,TRUE,
212815,"Chordata","Teleostei","Ovalentaria incertae sedis","Pomacentridae","Chromis","Chromis cinerascens","fish",,4,2014,,TRUE,TRUE,
273728,"Chordata","Teleostei","Ovalentaria incertae sedis","Pomacentridae","Chromis","Chromis fumea","fish",,12,2014,,TRUE,TRUE,
273742,"Chordata","Teleostei","Ovalentaria incertae sedis","Pomacentridae","Chromis","Chromis mirationis","fish",,2,1972,,TRUE,FALSE,
212811,"Chordata","Teleostei","Ovalentaria incertae sedis","Pomacentridae","Chromis","Chromis viridis","fish",,364,2015,,TRUE,TRUE,
212817,"Chordata","Teleostei","Ovalentaria incertae sedis","Pomacentridae","Chromis","Chromis weberi","fish",,223,2014,,TRUE,TRUE,
273760,"Chordata","Teleostei","Ovalentaria incertae sedis","Pomacentridae","Chromis","Chromis westaustralis","fish",,3,1983,,TRUE,FALSE,
218784,"Chordata","Teleostei","Ovalentaria incertae sedis","Pomacentridae","Chrysiptera","Chrysiptera biocellata","fish",,1,2014,,TRUE,TRUE,
218781,"Chordata","Teleostei","Ovalentaria incertae sedis","Pomacentridae","Chrysiptera","Chrysiptera cyanea","fish",,1,1989,,TRUE,TRUE,
276830,"Chordata","Teleostei","Ovalentaria incertae sedis","Pomacentridae","Chrysiptera","Chrysiptera flavipinnis","fish",,1,2006,,TRUE,TRUE,
218782,"Chordata","Teleostei","Ovalentaria incertae sedis","Pomacentridae","Chrysiptera","Chrysiptera unimaculata","fish",,1,2006,,TRUE,TRUE,
280377,"Chordata","Teleostei","Ovalentaria incertae sedis","Pseudochromidae","Congrogadus","Congrogadus malayanus","fish",,10,1956,,TRUE,FALSE,
280378,"Chordata","Teleostei","Ovalentaria incertae sedis","Pseudochromidae","Congrogadus","Congrogadus spinifer","fish",,3,,,TRUE,FALSE,
280379,"Chordata","Teleostei","Ovalentaria incertae sedis","Pseudochromidae","Congrogadus","Congrogadus subducens","fish",,6,1995,,TRUE,TRUE,
280380,"Chordata","Teleostei","Ovalentaria incertae sedis","Pseudochromidae","Congrogadus","Congrogadus winterbottomi","fish",,4,1996,,TRUE,FALSE,
212843,"Chordata","Teleostei","Ovalentaria incertae sedis","Pomacentridae","Dascyllus","Dascyllus aruanus","fish",,392,2015,,TRUE,TRUE,
278451,"Chordata","Teleostei","Ovalentaria incertae sedis","Pomacentridae","Dascyllus","Dascyllus melanurus","fish",,1,2006,,TRUE,TRUE,
212844,"Chordata","Teleostei","Ovalentaria incertae sedis","Pomacentridae","Dascyllus","Dascyllus reticulatus","fish",,233,2014,,TRUE,TRUE,
212846,"Chordata","Teleostei","Ovalentaria incertae sedis","Pomacentridae","Dascyllus","Dascyllus trimaculatus","fish",,282,2015,,TRUE,TRUE,
280559,"Chordata","Teleostei","Ovalentaria incertae sedis","Pomacentridae","Dischistodus","Dischistodus chrysopoecilus","fish",,3,2006,,TRUE,TRUE,
280560,"Chordata","Teleostei","Ovalentaria incertae sedis","Pomacentridae","Dischistodus","Dischistodus darwiniensis","fish",,4,2006,,TRUE,TRUE,
280562,"Chordata","Teleostei","Ovalentaria incertae sedis","Pomacentridae","Dischistodus","Dischistodus melanotus","fish",,16,2006,,TRUE,TRUE,
280563,"Chordata","Teleostei","Ovalentaria incertae sedis","Pomacentridae","Dischistodus","Dischistodus perspicillatus","fish",,5,2006,,TRUE,TRUE,
280564,"Chordata","Teleostei","Ovalentaria incertae sedis","Pomacentridae","Dischistodus","Dischistodus prosopotaenia","fish",,100,2006,,TRUE,TRUE,
281243,"Chordata","Teleostei","Ovalentaria incertae sedis","Pseudochromidae","Labracinus","Labracinus lineatus","fish",,22,2009,,TRUE,TRUE,
218833,"Chordata","Teleostei","Ovalentaria incertae sedis","Pomacentridae","Neoglyphidodon","Neoglyphidodon melas","fish",,307,2014,,TRUE,TRUE,
278813,"Chordata","Teleostei","Ovalentaria incertae sedis","Pomacentridae","Neoglyphidodon","Neoglyphidodon nigroris","fish",,9,2014,,TRUE,TRUE,
218837,"Chordata","Teleostei","Ovalentaria incertae sedis","Pomacentridae","Neopomacentrus","Neopomacentrus azysron","fish",,137,2014,,TRUE,TRUE,
218839,"Chordata","Teleostei","Ovalentaria incertae sedis","Pomacentridae","Neopomacentrus","Neopomacentrus cyanomos","fish",,46,2014,,TRUE,TRUE,
278912,"Chordata","Teleostei","Ovalentaria incertae sedis","Pomacentridae","Neopomacentrus","Neopomacentrus filamentosus","fish",,1,1945,,TRUE,TRUE,
281783,"Chordata","Teleostei","Ovalentaria incertae sedis","Plesiopidae","Notograptus","Notograptus guttatus","fish",,13,1995,,TRUE,TRUE,
276446,"Chordata","Teleostei","Ovalentaria incertae sedis","Opistognathidae","Opistognathus","Opistognathus darwiniensis","fish",,9,1980,,TRUE,TRUE,
276456,"Chordata","Teleostei","Ovalentaria incertae sedis","Opistognathidae","Opistognathus","Opistognathus inornatus","fish",,6,1984,,TRUE,TRUE,
282157,"Chordata","Teleostei","Ovalentaria incertae sedis","Pomacentridae","Parma","Parma occidentalis","fish",,3,1983,,TRUE,FALSE,
212855,"Chordata","Teleostei","Ovalentaria incertae sedis","Pomacentridae","Plectroglyphidodon","Plectroglyphidodon dickii","fish","NT",,,,FALSE,TRUE,
1592381,"Chordata","Teleostei","Ovalentaria incertae sedis","Pomacentridae","Plectroglyphidodon","Plectroglyphidodon fasciolatus","fish",,16,2014,,TRUE,TRUE,
212859,"Chordata","Teleostei","Ovalentaria incertae sedis","Pomacentridae","Plectroglyphidodon","Plectroglyphidodon johnstonianus","fish",,10,2014,,TRUE,TRUE,
212854,"Chordata","Teleostei","Ovalentaria incertae sedis","Pomacentridae","Plectroglyphidodon","Plectroglyphidodon leucozonus","fish",,8,2014,,TRUE,TRUE,
1605254,"Chordata","Teleostei","Ovalentaria incertae sedis","Pomacentridae","Plectroglyphidodon","Plectroglyphidodon obreptus","fish",,55,2014,,TRUE,TRUE,
218342,"Chordata","Teleostei","Ovalentaria incertae sedis","Plesiopidae","Plesiops","Plesiops coeruleolineatus","fish",,7,1993,,TRUE,TRUE,
276822,"Chordata","Teleostei","Ovalentaria incertae sedis","Plesiopidae","Plesiops","Plesiops verecundus","fish",,4,1980,,TRUE,TRUE,
277127,"Chordata","Teleostei","Ovalentaria incertae sedis","Pomacentridae","Pomacentrus","Pomacentrus adelus","fish",,,,,FALSE,TRUE,
277132,"Chordata","Teleostei","Ovalentaria incertae sedis","Pomacentridae","Pomacentrus","Pomacentrus amboinensis","fish",,3,2006,,TRUE,TRUE,
277137,"Chordata","Teleostei","Ovalentaria incertae sedis","Pomacentridae","Pomacentrus","Pomacentrus auriventris","fish",,1,2006,,TRUE,TRUE,
212971,"Chordata","Teleostei","Ovalentaria incertae sedis","Pomacentridae","Pomacentrus","Pomacentrus chrysurus","fish",,1,2006,,TRUE,TRUE,
277145,"Chordata","Teleostei","Ovalentaria incertae sedis","Pomacentridae","Pomacentrus","Pomacentrus coelestis","fish",,1180,2015,,TRUE,TRUE,
277151,"Chordata","Teleostei","Ovalentaria incertae sedis","Pomacentridae","Pomacentrus","Pomacentrus grammorhynchus","fish",,,,,FALSE,TRUE,
277155,"Chordata","Teleostei","Ovalentaria incertae sedis","Pomacentridae","Pomacentrus","Pomacentrus lepidogenys","fish","NT",1,2006,,TRUE,FALSE,
277156,"Chordata","Teleostei","Ovalentaria incertae sedis","Pomacentridae","Pomacentrus","Pomacentrus limosus","fish",,1,2014,,TRUE,FALSE,
277158,"Chordata","Teleostei","Ovalentaria incertae sedis","Pomacentridae","Pomacentrus","Pomacentrus milleri","fish",,363,2014,,TRUE,TRUE,
277159,"Chordata","Teleostei","Ovalentaria incertae sedis","Pomacentridae","Pomacentrus","Pomacentrus moluccensis","fish",,300,2015,,TRUE,TRUE,
277160,"Chordata","Teleostei","Ovalentaria incertae sedis","Pomacentridae","Pomacentrus","Pomacentrus nagasakiensis","fish",,26,2015,,TRUE,TRUE,
277176,"Chordata","Teleostei","Ovalentaria incertae sedis","Pomacentridae","Pomacentrus","Pomacentrus vaiuli","fish",,45,2014,,TRUE,TRUE,
218844,"Chordata","Teleostei","Ovalentaria incertae sedis","Pomacentridae","Pomachromis","Pomachromis richardsoni","fish",,1,2006,,TRUE,TRUE,
277180,"Chordata","Teleostei","Ovalentaria incertae sedis","Pomacentridae","Pristotis","Pristotis obtusirostris","fish",,11,2019,,TRUE,TRUE,
278171,"Chordata","Teleostei","Ovalentaria incertae sedis","Pseudochromidae","Pseudochromis","Pseudochromis cyanotaenia","fish",,8,1983,,TRUE,TRUE,
278179,"Chordata","Teleostei","Ovalentaria incertae sedis","Pseudochromidae","Pseudochromis","Pseudochromis fuscus","fish",,20,2006,,TRUE,TRUE,
278188,"Chordata","Teleostei","Ovalentaria incertae sedis","Pseudochromidae","Pseudochromis","Pseudochromis marshallensis","fish",,4,1977,,TRUE,TRUE,
398498,"Chordata","Teleostei","Ovalentaria incertae sedis","Pseudochromidae","Pseudochromis","Pseudochromis punctatus","fish",,2,2006,,TRUE,TRUE,
278202,"Chordata","Teleostei","Ovalentaria incertae sedis","Pseudochromidae","Pseudochromis","Pseudochromis quinquedentatus","fish",,17,2006,,TRUE,TRUE,
278208,"Chordata","Teleostei","Ovalentaria incertae sedis","Pseudochromidae","Pseudochromis","Pseudochromis tapeinosoma","fish",,8,1993,,TRUE,TRUE,
278210,"Chordata","Teleostei","Ovalentaria incertae sedis","Pseudochromidae","Pseudochromis","Pseudochromis wilsoni","fish",,6,1995,,TRUE,TRUE,
212221,"Chordata","Teleostei","Ovalentaria incertae sedis","Pseudochromidae","Pseudoplesiops","Pseudoplesiops rosae","fish",,2,1977,,TRUE,TRUE,
1605306,"Chordata","Teleostei","Ovalentaria incertae sedis","Pomacentridae","Pycnochromis","Pycnochromis atripes","fish",,,,,FALSE,TRUE,
1593660,"Chordata","Teleostei","Ovalentaria incertae sedis","Pomacentridae","Pycnochromis","Pycnochromis caudalis","fish",,2,2006,,TRUE,TRUE,
1605310,"Chordata","Teleostei","Ovalentaria incertae sedis","Pomacentridae","Pycnochromis","Pycnochromis margaritifer","fish",,82,2014,,TRUE,TRUE,
1592353,"Chordata","Teleostei","Ovalentaria incertae sedis","Pomacentridae","Pycnochromis","Pycnochromis retrofasciatus","fish",,1,2006,,TRUE,TRUE,
218847,"Chordata","Teleostei","Ovalentaria incertae sedis","Pomacentridae","Stegastes","Stegastes albifasciatus","fish",,1,2006,,TRUE,TRUE,
1551095,"Chordata","Teleostei","Ovalentaria incertae sedis","Pomacentridae","Stegastes","Stegastes lacrymatus","fish",,116,2014,,TRUE,TRUE,
218848,"Chordata","Teleostei","Ovalentaria incertae sedis","Pomacentridae","Stegastes","Stegastes lividus","fish",,,,,FALSE,TRUE,
218849,"Chordata","Teleostei","Ovalentaria incertae sedis","Pomacentridae","Stegastes","Stegastes nigricans","fish",,6,2015,,TRUE,TRUE,
712757,"Chordata","Teleostei","Ovalentaria incertae sedis","Pomacentridae","Stegastes","Stegastes punctatus","fish",,,,,FALSE,TRUE,
221449,"Chordata","Teleostei","Perciformes","Tetrarogidae","Ablabys","Ablabys taenianotus","fish",,1,1975,,TRUE,FALSE,
278724,"Chordata","Teleostei","Perciformes","Serranidae","Acanthistius","Acanthistius pardalotus","fish",,1,,,TRUE,FALSE,
279510,"Chordata","Teleostei","Perciformes","Aploactinidae","Adventor","Adventor elongatus","fish",,17,1991,,TRUE,FALSE,
218168,"Chordata","Teleostei","Perciformes","Serranidae","Aethaloperca","Aethaloperca rogaa","fish",,1,2014,,TRUE,TRUE,
221440,"Chordata","Teleostei","Perciformes","Apistidae","Apistus","Apistus carinatus","fish",,14,1975,,TRUE,TRUE,
279870,"Chordata","Teleostei","Perciformes","Aploactinidae","Bathyaploactis","Bathyaploactis curtisensis","fish",,2,1952,,TRUE,TRUE,
276575,"Chordata","Teleostei","Perciformes","Percophidae","Bembrops","Bembrops curvatura","fish",,6,2005,,TRUE,TRUE,
712805,"Chordata","Teleostei","Perciformes","Percophidae","Bembrops","Bembrops filiferus","fish",,2,2005,,TRUE,TRUE,
280013,"Chordata","Teleostei","Perciformes","Serranidae","Caesioscorpis","Caesioscorpis theagenes","fish",,1,,,TRUE,FALSE,
220365,"Chordata","Teleostei","Perciformes","Scorpaenidae","Caracanthus","Caracanthus unipinna","fish",,1,1996,,TRUE,TRUE,
280056,"Chordata","Teleostei","Perciformes","Tetrarogidae","Centropogon","Centropogon australis","fish",,1,1981,,TRUE,FALSE,
218174,"Chordata","Teleostei","Perciformes","Serranidae","Cephalopholis","Cephalopholis argus","fish",,21,2014,,TRUE,TRUE,
218182,"Chordata","Teleostei","Perciformes","Serranidae","Cephalopholis","Cephalopholis boenak","fish",,13,2014,,TRUE,TRUE,
279147,"Chordata","Teleostei","Perciformes","Serranidae","Cephalopholis","Cephalopholis cyanostigma","fish",,,,,FALSE,TRUE,
218184,"Chordata","Teleostei","Perciformes","Serranidae","Cephalopholis","Cephalopholis miniata","fish",,15,2014,,TRUE,TRUE,
218183,"Chordata","Teleostei","Perciformes","Serranidae","Cephalopholis","Cephalopholis sonnerati","fish",,22,2021,,TRUE,TRUE,
218180,"Chordata","Teleostei","Perciformes","Serranidae","Cephalopholis","Cephalopholis spiloparaea","fish",,10,2019,,TRUE,TRUE,
218181,"Chordata","Teleostei","Perciformes","Serranidae","Cephalopholis","Cephalopholis urodeta","fish",,2,2006,,TRUE,TRUE,
218122,"Chordata","Teleostei","Perciformes","Triglidae","Chelidonichthys","Chelidonichthys kumu","fish",,1,,,TRUE,FALSE,
218193,"Chordata","Teleostei","Perciformes","Serranidae","Cromileptes","Cromileptes altivelis","fish",,4,2014,,TRUE,TRUE,
280463,"Chordata","Teleostei","Perciformes","Platycephalidae","Cymbacephalus","Cymbacephalus bosschei","fish",,2,1972,,TRUE,FALSE,
280464,"Chordata","Teleostei","Perciformes","Platycephalidae","Cymbacephalus","Cymbacephalus nematophthalmus","fish",,14,1995,,TRUE,TRUE,
280465,"Chordata","Teleostei","Perciformes","Platycephalidae","Cymbacephalus","Cymbacephalus staigeri","fish",,1,,,TRUE,TRUE,
317642,"Chordata","Teleostei","Perciformes","Synanceiidae","Dampierosa","Dampierosa daruma","fish",,2,,,TRUE,TRUE,
218052,"Chordata","Teleostei","Perciformes","Scorpaenidae","Dendrochirus","Dendrochirus brachypterus","fish",,2,2001,,TRUE,FALSE,
218053,"Chordata","Teleostei","Perciformes","Scorpaenidae","Dendrochirus","Dendrochirus zebra","fish",,2,1977,,TRUE,TRUE,
277235,"Chordata","Teleostei","Perciformes","Serranidae","Diploprion","Diploprion bifasciatum","fish",,,,,FALSE,TRUE,
398454,"Chordata","Teleostei","Perciformes","Platycephalidae","Elates","Elates ransonnettii","fish",,2,1990,,TRUE,TRUE,
273834,"Chordata","Teleostei","Perciformes","Serranidae","Epinephelus","Epinephelus amblycephalus","fish",,9,2021,,TRUE,TRUE,
218204,"Chordata","Teleostei","Perciformes","Serranidae","Epinephelus","Epinephelus areolatus","fish",,388,2021,,TRUE,TRUE,
273837,"Chordata","Teleostei","Perciformes","Serranidae","Epinephelus","Epinephelus bilobatus","fish",,36,2015,,TRUE,TRUE,
218200,"Chordata","Teleostei","Perciformes","Serranidae","Epinephelus","Epinephelus coioides","fish",,22,2021,,TRUE,TRUE,
273844,"Chordata","Teleostei","Perciformes","Serranidae","Epinephelus","Epinephelus corallicola","fish",,3,2006,,TRUE,TRUE,
218207,"Chordata","Teleostei","Perciformes","Serranidae","Epinephelus","Epinephelus fasciatus","fish",,144,2014,,TRUE,TRUE,
218218,"Chordata","Teleostei","Perciformes","Serranidae","Epinephelus","Epinephelus fuscoguttatus","fish","VU",3,2014,,TRUE,TRUE,
218232,"Chordata","Teleostei","Perciformes","Serranidae","Epinephelus","Epinephelus hexagonatus","fish",,4,1954,,TRUE,TRUE,
218224,"Chordata","Teleostei","Perciformes","Serranidae","Epinephelus","Epinephelus lanceolatus","fish",,1,2012,,TRUE,FALSE,
218221,"Chordata","Teleostei","Perciformes","Serranidae","Epinephelus","Epinephelus longispinis","fish",,2,2006,,TRUE,TRUE,
273860,"Chordata","Teleostei","Perciformes","Serranidae","Epinephelus","Epinephelus maculatus","fish",,,,,FALSE,TRUE,
218206,"Chordata","Teleostei","Perciformes","Serranidae","Epinephelus","Epinephelus malabaricus","fish",,16,2014,,TRUE,TRUE,
218242,"Chordata","Teleostei","Perciformes","Serranidae","Epinephelus","Epinephelus melanostigma","fish",,1,1977,,TRUE,TRUE,
218228,"Chordata","Teleostei","Perciformes","Serranidae","Epinephelus","Epinephelus merra","fish",,,,,FALSE,TRUE,
218201,"Chordata","Teleostei","Perciformes","Serranidae","Epinephelus","Epinephelus morrhua","fish",,15,2021,,TRUE,TRUE,
218237,"Chordata","Teleostei","Perciformes","Serranidae","Epinephelus","Epinephelus multinotatus","fish",,1393,2021,,TRUE,TRUE,
218197,"Chordata","Teleostei","Perciformes","Serranidae","Epinephelus","Epinephelus polyphekadion","fish","VU",6,2014,,TRUE,TRUE,
218252,"Chordata","Teleostei","Perciformes","Serranidae","Epinephelus","Epinephelus quoyanus","fish",,21,2015,,TRUE,TRUE,
218222,"Chordata","Teleostei","Perciformes","Serranidae","Epinephelus","Epinephelus radiatus","fish",,2,2001,,TRUE,TRUE,
218216,"Chordata","Teleostei","Perciformes","Serranidae","Epinephelus","Epinephelus rivulatus","fish",,345,2021,,TRUE,TRUE,
273867,"Chordata","Teleostei","Perciformes","Serranidae","Epinephelus","Epinephelus sexfasciatus","fish",,16,2006,,TRUE,TRUE,
218205,"Chordata","Teleostei","Perciformes","Serranidae","Epinephelus","Epinephelus tauvina","fish",,179,2014,,TRUE,TRUE,
273871,"Chordata","Teleostei","Perciformes","Serranidae","Epinephelus","Epinephelus timorensis","fish",,1,1967,,TRUE,TRUE,
218246,"Chordata","Teleostei","Perciformes","Serranidae","Epinephelus","Epinephelus tukula","fish",,14,2021,,TRUE,TRUE,
280708,"Chordata","Teleostei","Perciformes","Synanceiidae","Erosa","Erosa erosa","fish",,1,2001,,TRUE,FALSE,
211864,"Chordata","Teleostei","Perciformes","Serranidae","Grammistes","Grammistes sexlineatus","fish",,4,2014,,TRUE,TRUE,
390374,"Chordata","Teleostei","Perciformes","Hapalogenyidae","Hapalogenys","Hapalogenys dampieriensis","fish",,1,2005,,TRUE,FALSE,
280990,"Chordata","Teleostei","Perciformes","Hapalogenyidae","Hapalogenys","Hapalogenys kishinouyei","fish",,1,2005,,TRUE,TRUE,
278224,"Chordata","Teleostei","Perciformes","Hoplichthyidae","Hoplichthys","Hoplichthys citrinus","fish",,1,1964,,TRUE,TRUE,
281147,"Chordata","Teleostei","Perciformes","Uranoscopidae","Ichthyscopus","Ichthyscopus insperatus","fish",,1,1960,,TRUE,FALSE,
281148,"Chordata","Teleostei","Perciformes","Uranoscopidae","Ichthyscopus","Ichthyscopus lebeck","fish",,2,1966,,TRUE,TRUE,
281179,"Chordata","Teleostei","Perciformes","Platycephalidae","Inegocia","Inegocia japonica","fish",,10,2013,,TRUE,TRUE,
212579,"Chordata","Teleostei","Perciformes","Synanceiidae","Inimicus","Inimicus sinensis","fish",,20,1991,,TRUE,TRUE,
281302,"Chordata","Teleostei","Perciformes","Serranidae","Lepidoperca","Lepidoperca occidentalis","fish",,1,,,TRUE,FALSE,
274919,"Chordata","Teleostei","Perciformes","Triglidae","Lepidotrigla","Lepidotrigla spinosa","fish",,1,1972,,TRUE,FALSE,
398449,"Chordata","Teleostei","Perciformes","Tetrarogidae","Liocranium","Liocranium pleurostigma","fish",,5,1954,,TRUE,TRUE,
281361,"Chordata","Teleostei","Perciformes","Tetrarogidae","Liocranium","Liocranium praepositum","fish",,5,1975,,TRUE,TRUE,
218259,"Chordata","Teleostei","Perciformes","Serranidae","Liopropoma","Liopropoma susumi","fish",,2,1996,,TRUE,TRUE,
281531,"Chordata","Teleostei","Perciformes","Neosebastidae","Maxillicosta","Maxillicosta lopholepis","fish",,2,1960,,TRUE,FALSE,
1493834,"Chordata","Teleostei","Perciformes","Synanceiidae","Minous","Minous roseus","fish",,,,,FALSE,TRUE,
277747,"Chordata","Teleostei","Perciformes","Synanceiidae","Minous","Minous versicolor","fish",,3,1958,,TRUE,TRUE,
278571,"Chordata","Teleostei","Perciformes","Tetrarogidae","Neocentropogon","Neocentropogon aeglefinus","fish",,4,2005,,TRUE,TRUE,
281713,"Chordata","Teleostei","Perciformes","Neosebastidae","Neosebastes","Neosebastes nigropunctatus","fish",,1,,,TRUE,FALSE,
281714,"Chordata","Teleostei","Perciformes","Neosebastidae","Neosebastes","Neosebastes occidentalis","fish",,10,2005,,TRUE,TRUE,
311421,"Chordata","Teleostei","Perciformes","Serranidae","Odontanthias","Odontanthias unimaculatus","fish",,1,2005,,TRUE,TRUE,
1469660,"Chordata","Teleostei","Perciformes","Platycephalidae","Onigocia","Onigocia macrocephala","fish",,2,2005,,TRUE,TRUE,
278478,"Chordata","Teleostei","Perciformes","Platycephalidae","Onigocia","Onigocia macrolepis","fish",,1,2005,,TRUE,TRUE,
218144,"Chordata","Teleostei","Perciformes","Platycephalidae","Onigocia","Onigocia pedimacula","fish",,1,1958,,TRUE,FALSE,
278479,"Chordata","Teleostei","Perciformes","Platycephalidae","Onigocia","Onigocia spinosa","fish",,5,1972,,TRUE,TRUE,
277238,"Chordata","Teleostei","Perciformes","Tetrarogidae","Paracentropogon","Paracentropogon vespa","fish",,16,2009,,TRUE,FALSE,
276985,"Chordata","Teleostei","Perciformes","Pinguipedidae","Parapercis","Parapercis biordinis","fish",,1,,,TRUE,FALSE,
276987,"Chordata","Teleostei","Perciformes","Pinguipedidae","Parapercis","Parapercis clathrata","fish",,78,2019,,TRUE,TRUE,
276991,"Chordata","Teleostei","Perciformes","Pinguipedidae","Parapercis","Parapercis diplospilus","fish",,6,1973,,TRUE,FALSE,
219147,"Chordata","Teleostei","Perciformes","Pinguipedidae","Parapercis","Parapercis millepunctata","fish",,2,1975,,TRUE,FALSE,
277005,"Chordata","Teleostei","Perciformes","Pinguipedidae","Parapercis","Parapercis multiplicata","fish",,1,1975,,TRUE,FALSE,
219154,"Chordata","Teleostei","Perciformes","Pinguipedidae","Parapercis","Parapercis nebulosa","fish",,239,2021,,TRUE,TRUE,
219144,"Chordata","Teleostei","Perciformes","Pinguipedidae","Parapercis","Parapercis xanthozona","fish",,4,2014,,TRUE,TRUE,
282091,"Chordata","Teleostei","Perciformes","Aploactinidae","Paraploactis","Paraploactis intonsa","fish",,1,1972,,TRUE,FALSE,
282094,"Chordata","Teleostei","Perciformes","Aploactinidae","Paraploactis","Paraploactis pulvinus","fish",,5,1991,,TRUE,FALSE,
218065,"Chordata","Teleostei","Perciformes","Scorpaenidae","Parascorpaena","Parascorpaena aurita","fish",,1,1983,,TRUE,TRUE,
218066,"Chordata","Teleostei","Perciformes","Scorpaenidae","Parascorpaena","Parascorpaena mossambica","fish",,1,,,TRUE,FALSE,
218062,"Chordata","Teleostei","Perciformes","Scorpaenidae","Parascorpaena","Parascorpaena picta","fish",,10,1995,,TRUE,TRUE,
282220,"Chordata","Teleostei","Perciformes","Aploactinidae","Peristrominous","Peristrominous dolosus","fish",,3,,,TRUE,FALSE,
1469667,"Chordata","Teleostei","Perciformes","Platycephalidae","Platycephalus","Platycephalus australis","fish",,2,2010,,TRUE,FALSE,
274657,"Chordata","Teleostei","Perciformes","Platycephalidae","Platycephalus","Platycephalus endrachtensis","fish",,8,2010,,TRUE,FALSE,
1019878,"Chordata","Teleostei","Perciformes","Platycephalidae","Platycephalus","Platycephalus grandispinis","fish",,1,1972,,TRUE,FALSE,
474963,"Chordata","Teleostei","Perciformes","Platycephalidae","Platycephalus","Platycephalus orbitalis","fish",,1,1972,,TRUE,FALSE,
1536406,"Chordata","Teleostei","Perciformes","Serranidae","Plectranthias","Plectranthias mcgroutheri","fish",,,,,FALSE,TRUE,
218260,"Chordata","Teleostei","Perciformes","Serranidae","Plectropomus","Plectropomus laevis","fish",,3,2006,,TRUE,TRUE,
218261,"Chordata","Teleostei","Perciformes","Serranidae","Plectropomus","Plectropomus leopardus","fish",,185,2009,,TRUE,TRUE,
218267,"Chordata","Teleostei","Perciformes","Serranidae","Plectropomus","Plectropomus maculatus","fish",,2,2008,,TRUE,TRUE,
218275,"Chordata","Teleostei","Perciformes","Serranidae","Pseudanthias","Pseudanthias cooperi","fish",,25,2019,,TRUE,TRUE,
277455,"Chordata","Teleostei","Perciformes","Serranidae","Pseudanthias","Pseudanthias georgei","fish",,48,2019,,TRUE,TRUE,
277472,"Chordata","Teleostei","Perciformes","Serranidae","Pseudanthias","Pseudanthias pictilis","fish",,2,2001,,TRUE,FALSE,
277477,"Chordata","Teleostei","Perciformes","Serranidae","Pseudanthias","Pseudanthias rubrizonatus","fish",,2,2005,,TRUE,TRUE,
277478,"Chordata","Teleostei","Perciformes","Serranidae","Pseudanthias","Pseudanthias rubrolineatus","fish",,4,2005,,TRUE,TRUE,
218282,"Chordata","Teleostei","Perciformes","Serranidae","Pseudogramma","Pseudogramma polyacantha","fish",,4,1977,,TRUE,TRUE,
835018,"Chordata","Teleostei","Perciformes","Aploactinidae","Pseudopataecus","Pseudopataecus carnatobarbatus","fish",,,,,FALSE,TRUE,
282501,"Chordata","Teleostei","Perciformes","Scorpaenidae","Pteroidichthys","Pteroidichthys amboinensis","fish",,2,1952,,TRUE,TRUE,
218081,"Chordata","Teleostei","Perciformes","Scorpaenidae","Pterois","Pterois antennata","fish",,8,2021,,TRUE,TRUE,
218082,"Chordata","Teleostei","Perciformes","Scorpaenidae","Pterois","Pterois russelii","fish",,9,1969,,TRUE,TRUE,
159559,"Chordata","Teleostei","Perciformes","Scorpaenidae","Pterois","Pterois volitans","fish",,16,2019,,TRUE,TRUE,
388416,"Chordata","Teleostei","Perciformes","Triglidae","Pterygotrigla","Pterygotrigla draiggoch","fish",,1,1978,,TRUE,FALSE,
277052,"Chordata","Teleostei","Perciformes","Triglidae","Pterygotrigla","Pterygotrigla ryukyuensis","fish",,1,,,TRUE,FALSE,
282545,"Chordata","Teleostei","Perciformes","Serranidae","Rainfordia","Rainfordia opercularis","fish",,4,1977,,TRUE,TRUE,
282553,"Chordata","Teleostei","Perciformes","Platycephalidae","Ratabulus","Ratabulus diversidens","fish",,1,1964,,TRUE,TRUE,
712552,"Chordata","Teleostei","Perciformes","Platycephalidae","Ratabulus","Ratabulus fulviguttatus","fish",,2,1964,,TRUE,TRUE,
215623,"Chordata","Teleostei","Perciformes","Tetrarogidae","Richardsonichthys","Richardsonichthys leucogaster","fish",,2,1952,,TRUE,TRUE,
277259,"Chordata","Teleostei","Perciformes","Platycephalidae","Rogadius","Rogadius patriciae","fish",,1,1991,,TRUE,FALSE,
218146,"Chordata","Teleostei","Perciformes","Platycephalidae","Rogadius","Rogadius pristiger","fish",,,,,FALSE,TRUE,
282638,"Chordata","Teleostei","Perciformes","Pinguipedidae","Ryukyupercis","Ryukyupercis gushikeni","fish",,2,1981,,TRUE,FALSE,
274709,"Chordata","Teleostei","Perciformes","Scorpaenidae","Scorpaena","Scorpaena gasta","fish",,3,1983,,TRUE,FALSE,
274738,"Chordata","Teleostei","Perciformes","Scorpaenidae","Scorpaena","Scorpaena sumptuosa","fish",,3,1983,,TRUE,FALSE,
712541,"Chordata","Teleostei","Perciformes","Scorpaenidae","Scorpaenodes","Scorpaenodes evides","fish",,1,1977,,TRUE,TRUE,
218094,"Chordata","Teleostei","Perciformes","Scorpaenidae","Scorpaenodes","Scorpaenodes guamensis","fish",,9,1993,,TRUE,TRUE,
218092,"Chordata","Teleostei","Perciformes","Scorpaenidae","Scorpaenodes","Scorpaenodes scaber","fish",,,,,FALSE,TRUE,
274751,"Chordata","Teleostei","Perciformes","Scorpaenidae","Scorpaenodes","Scorpaenodes smithi","fish",,1,2005,,TRUE,TRUE,
274752,"Chordata","Teleostei","Perciformes","Scorpaenidae","Scorpaenodes","Scorpaenodes steenei","fish",,1,1983,,TRUE,FALSE,
218097,"Chordata","Teleostei","Perciformes","Scorpaenidae","Scorpaenodes","Scorpaenodes varipinnis","fish",,1,1975,,TRUE,FALSE,
218110,"Chordata","Teleostei","Perciformes","Scorpaenidae","Scorpaenopsis","Scorpaenopsis diabolus","fish",,6,1980,,TRUE,TRUE,
277533,"Chordata","Teleostei","Perciformes","Scorpaenidae","Scorpaenopsis","Scorpaenopsis papuensis","fish",,7,1983,,TRUE,TRUE,
277535,"Chordata","Teleostei","Perciformes","Scorpaenidae","Scorpaenopsis","Scorpaenopsis possi","fish",,1,1983,,TRUE,FALSE,
218106,"Chordata","Teleostei","Perciformes","Scorpaenidae","Scorpaenopsis","Scorpaenopsis venosa","fish",,,,,FALSE,TRUE,
218115,"Chordata","Teleostei","Perciformes","Scorpaenidae","Sebastapistes","Sebastapistes strongia","fish",,,,,FALSE,TRUE,
282746,"Chordata","Teleostei","Perciformes","Serranidae","Selenanthias","Selenanthias analis","fish",,1,2005,,TRUE,TRUE,
127258,"Chordata","Teleostei","Perciformes","Setarchidae","Setarches","Setarches guentheri","fish",,2,2005,,TRUE,FALSE,
274874,"Chordata","Teleostei","Perciformes","Setarchidae","Setarches","Setarches longimanus","fish",,3,2001,,TRUE,FALSE,
278240,"Chordata","Teleostei","Perciformes","Platycephalidae","Sorsogona","Sorsogona tuberculata","fish",,4,1972,,TRUE,FALSE,
282911,"Chordata","Teleostei","Perciformes","Platycephalidae","Sunagocia","Sunagocia otaitensis","fish",,3,1995,,TRUE,TRUE,
276862,"Chordata","Teleostei","Perciformes","Synanceiidae","Synanceia","Synanceia horrida","fish",,9,1995,,TRUE,FALSE,
401151,"Chordata","Teleostei","Perciformes","Platycephalidae","Thysanophrys","Thysanophrys cirronasus","fish",,1,1977,,TRUE,TRUE,
1536554,"Chordata","Teleostei","Perciformes","Serranidae","Tosana","Tosana dampieriensis","fish",,,,,FALSE,TRUE,
274034,"Chordata","Teleostei","Perciformes","Uranoscopidae","Uranoscopus","Uranoscopus cognatus","fish",,1,1972,,TRUE,FALSE,
218305,"Chordata","Teleostei","Perciformes","Serranidae","Variola","Variola albimarginata","fish",,3,2014,,TRUE,TRUE,
218304,"Chordata","Teleostei","Perciformes","Serranidae","Variola","Variola louti","fish",,887,2021,,TRUE,TRUE,
219819,"Chordata","Teleostei","Pleuronectiformes","Soleidae","Aesopia","Aesopia cornuta","fish",,1,1972,,TRUE,FALSE,
274158,"Chordata","Teleostei","Pleuronectiformes","Bothidae","Arnoglossus","Arnoglossus aspilos","fish",,1,2005,,TRUE,FALSE,
274174,"Chordata","Teleostei","Pleuronectiformes","Bothidae","Arnoglossus","Arnoglossus polyspilus","fish",,,,,FALSE,TRUE,
279728,"Chordata","Teleostei","Pleuronectiformes","Soleidae","Aseraggodes","Aseraggodes lenisquamis","fish",,1,1975,,TRUE,FALSE,
279734,"Chordata","Teleostei","Pleuronectiformes","Soleidae","Aseraggodes","Aseraggodes normani","fish",,1,1958,,TRUE,FALSE,
219796,"Chordata","Teleostei","Pleuronectiformes","Bothidae","Bothus","Bothus mancus","fish",,,,,FALSE,TRUE,
219795,"Chordata","Teleostei","Pleuronectiformes","Bothidae","Bothus","Bothus pantherinus","fish",,,,,FALSE,TRUE,
219797,"Chordata","Teleostei","Pleuronectiformes","Bothidae","Chascanopsetta","Chascanopsetta lugubris","fish",,2,2005,,TRUE,TRUE,
277502,"Chordata","Teleostei","Pleuronectiformes","Citharidae","Citharoides","Citharoides macrolepidotus","fish",,3,2001,,TRUE,FALSE,
278305,"Chordata","Teleostei","Pleuronectiformes","Bothidae","Crossorhombus","Crossorhombus azureus","fish",,1,2013,,TRUE,TRUE,
274194,"Chordata","Teleostei","Pleuronectiformes","Cynoglossidae","Cynoglossus","Cynoglossus broadhursti","fish",,1,,,TRUE,FALSE,
274208,"Chordata","Teleostei","Pleuronectiformes","Cynoglossidae","Cynoglossus","Cynoglossus maccullochi","fish",,1,2013,,TRUE,TRUE,
274212,"Chordata","Teleostei","Pleuronectiformes","Cynoglossidae","Cynoglossus","Cynoglossus maculipinnis","fish",,3,1991,,TRUE,FALSE,
317688,"Chordata","Teleostei","Pleuronectiformes","Soleidae","Dexillus","Dexillus muelleri","fish",,1,,,TRUE,FALSE,
219802,"Chordata","Teleostei","Pleuronectiformes","Bothidae","Engyprosopon","Engyprosopon grandisquama","fish",,5,2013,,TRUE,TRUE,
1495540,"Chordata","Teleostei","Pleuronectiformes","Bothidae","Engyprosopon","Engyprosopon praeteritus","fish",,2,1954,,TRUE,TRUE,
280936,"Chordata","Teleostei","Pleuronectiformes","Bothidae","Grammatobothus","Grammatobothus polyophthalmus","fish",,1,,,TRUE,FALSE,
281349,"Chordata","Teleostei","Pleuronectiformes","Soleidae","Liachirus","Liachirus whitleyi","fish",,5,1958,,TRUE,FALSE,
219858,"Chordata","Teleostei","Pleuronectiformes","Cynoglossidae","Paraplagusia","Paraplagusia bilineata","fish",,9,1960,,TRUE,FALSE,
278662,"Chordata","Teleostei","Pleuronectiformes","Cynoglossidae","Paraplagusia","Paraplagusia sinerama","fish",,2,1954,,TRUE,TRUE,
282249,"Chordata","Teleostei","Pleuronectiformes","Soleidae","Phyllichthys","Phyllichthys punctatus","fish",,1,1995,,TRUE,TRUE,
275856,"Chordata","Teleostei","Pleuronectiformes","Pleuronectidae","Poecilopsetta","Poecilopsetta plinthus","fish",,1,2001,,TRUE,FALSE,
398683,"Chordata","Teleostei","Pleuronectiformes","Pleuronectidae","Psammodiscus","Psammodiscus ocellatus","fish",,1,,,TRUE,FALSE,
278137,"Chordata","Teleostei","Pleuronectiformes","Bothidae","Psettina","Psettina gigantea","fish",,1,2005,,TRUE,TRUE,
278139,"Chordata","Teleostei","Pleuronectiformes","Bothidae","Psettina","Psettina iijimae","fish",,1,2001,,TRUE,FALSE,
278140,"Chordata","Teleostei","Pleuronectiformes","Bothidae","Psettina","Psettina multisquamea","fish",,1,2005,,TRUE,TRUE,
278143,"Chordata","Teleostei","Pleuronectiformes","Bothidae","Psettina","Psettina tosana","fish",,1,2005,,TRUE,FALSE,
219788,"Chordata","Teleostei","Pleuronectiformes","Psettodidae","Psettodes","Psettodes erumei","fish",,8,1958,,TRUE,FALSE,
277073,"Chordata","Teleostei","Pleuronectiformes","Paralichthyidae","Pseudorhombus","Pseudorhombus argus","fish",,2,2013,,TRUE,TRUE,
220051,"Chordata","Teleostei","Pleuronectiformes","Paralichthyidae","Pseudorhombus","Pseudorhombus arsius","fish",,6,1972,,TRUE,TRUE,
277078,"Chordata","Teleostei","Pleuronectiformes","Paralichthyidae","Pseudorhombus","Pseudorhombus dupliciocellatus","fish",,3,1972,,TRUE,FALSE,
220052,"Chordata","Teleostei","Pleuronectiformes","Paralichthyidae","Pseudorhombus","Pseudorhombus elevatus","fish",,2,1973,,TRUE,FALSE,
277080,"Chordata","Teleostei","Pleuronectiformes","Paralichthyidae","Pseudorhombus","Pseudorhombus jenynsii","fish",,4,1958,,TRUE,TRUE,
277090,"Chordata","Teleostei","Pleuronectiformes","Paralichthyidae","Pseudorhombus","Pseudorhombus quinquocellatus","fish",,3,2005,,TRUE,TRUE,
277092,"Chordata","Teleostei","Pleuronectiformes","Paralichthyidae","Pseudorhombus","Pseudorhombus spinosus","fish",,2,1954,,TRUE,TRUE,
282821,"Chordata","Teleostei","Pleuronectiformes","Soleidae","Soleichthys","Soleichthys heterorhinos","fish",,1,1995,,TRUE,FALSE,
712919,"Chordata","Teleostei","Pleuronectiformes","Soleidae","Zebrias","Zebrias cancellatus","fish",,2,1972,,TRUE,FALSE,
277580,"Chordata","Teleostei","Pleuronectiformes","Soleidae","Zebrias","Zebrias craticulus","fish",,1,1963,,TRUE,FALSE,
219838,"Chordata","Teleostei","Pleuronectiformes","Soleidae","Zebrias","Zebrias quagga","fish",,5,1972,,TRUE,FALSE,
274321,"Chordata","Teleostei","Polymixiiformes","Polymixiidae","Polymixia","Polymixia longispina","fish",,2,2005,,TRUE,TRUE,
127014,"Chordata","Teleostei","Scombriformes","Scombridae","Acanthocybium","Acanthocybium solandri","fish",,9,2002,,TRUE,TRUE,
1577326,"Chordata","Teleostei","Scombriformes","Arripidae","Arripis","Arripis georgiana","fish",,1,,,TRUE,FALSE,
279694,"Chordata","Teleostei","Scombriformes","Arripidae","Arripis","Arripis truttacea","fish",,1,,,TRUE,FALSE,
126783,"Chordata","Teleostei","Scombriformes","Bramidae","Brama","Brama brama","fish",,1,2000,,TRUE,FALSE,
126831,"Chordata","Teleostei","Scombriformes","Centrolophidae","Centrolophus","Centrolophus niger","fish",,12,2002,,TRUE,TRUE,
280459,"Chordata","Teleostei","Scombriformes","Scombridae","Cybiosarda","Cybiosarda elegans","fish",,2,1991,,TRUE,FALSE,
278433,"Chordata","Teleostei","Scombriformes","Scombridae","Grammatorcynus","Grammatorcynus bicarinatus","fish",,,,,FALSE,TRUE,
278434,"Chordata","Teleostei","Scombriformes","Scombridae","Grammatorcynus","Grammatorcynus bilineatus","fish",,3,2006,,TRUE,TRUE,
126863,"Chordata","Teleostei","Scombriformes","Gempylidae","Lepidocybium","Lepidocybium flavobrunneum","fish",,5,2002,,TRUE,FALSE,
151482,"Chordata","Teleostei","Scombriformes","Pomatomidae","Pomatomus","Pomatomus saltatrix","fish","VU",6,1954,,TRUE,TRUE,
273681,"Chordata","Teleostei","Scombriformes","Nomeidae","Psenes","Psenes arafurensis","fish",,1,1977,,TRUE,TRUE,
127020,"Chordata","Teleostei","Scombriformes","Scombridae","Rastrelliger","Rastrelliger kanagurta","fish",,14,2014,,TRUE,TRUE,
276888,"Chordata","Teleostei","Scombriformes","Gempylidae","Rexea","Rexea antefurcata","fish",,2,1990,,TRUE,TRUE,
219696,"Chordata","Teleostei","Scombriformes","Gempylidae","Rexea","Rexea bengalensis","fish",,2,1990,,TRUE,TRUE,
219695,"Chordata","Teleostei","Scombriformes","Gempylidae","Rexea","Rexea prometheoides","fish",,14,1991,,TRUE,FALSE,
126867,"Chordata","Teleostei","Scombriformes","Gempylidae","Ruvettus","Ruvettus pretiosus","fish",,1,2002,,TRUE,FALSE,
219715,"Chordata","Teleostei","Scombriformes","Scombridae","Scomber","Scomber australasicus","fish",,9,1966,,TRUE,TRUE,
127024,"Chordata","Teleostei","Scombriformes","Scombridae","Scomberomorus","Scomberomorus commerson","fish","NT",16,2021,,TRUE,TRUE,
273818,"Chordata","Teleostei","Scombriformes","Scombridae","Scomberomorus","Scomberomorus queenslandicus","fish",,45,2006,,TRUE,TRUE,
273820,"Chordata","Teleostei","Scombriformes","Scombridae","Scomberomorus","Scomberomorus semifasciatus","fish",,1,,,TRUE,FALSE,
127026,"Chordata","Teleostei","Scombriformes","Scombridae","Thunnus","Thunnus alalunga","fish",,9,2002,,TRUE,TRUE,
127027,"Chordata","Teleostei","Scombriformes","Scombridae","Thunnus","Thunnus albacares","fish",,11,2002,,TRUE,TRUE,
219720,"Chordata","Teleostei","Scombriformes","Scombridae","Thunnus","Thunnus maccoyii","fish","EN",59,2009,,TRUE,TRUE,
127028,"Chordata","Teleostei","Scombriformes","Scombridae","Thunnus","Thunnus obesus","fish","VU",13,2010,,TRUE,TRUE,
273823,"Chordata","Teleostei","Scombriformes","Scombridae","Thunnus","Thunnus orientalis","fish","NT",3,2001,,TRUE,FALSE,
219722,"Chordata","Teleostei","Scombriformes","Scombridae","Thunnus","Thunnus tonggol","fish",,1,,,TRUE,FALSE,
219697,"Chordata","Teleostei","Scombriformes","Gempylidae","Thyrsites","Thyrsites atun","fish",,1,2001,,TRUE,FALSE,
127089,"Chordata","Teleostei","Scombriformes","Trichiuridae","Trichiurus","Trichiurus lepturus","fish",,3,1958,,TRUE,FALSE,
280227,"Chordata","Teleostei","Siluriformes","Plotosidae","Cnidoglanis","Cnidoglanis macrocephalus","fish",,,,,FALSE,TRUE,
280755,"Chordata","Teleostei","Siluriformes","Plotosidae","Euristhmus","Euristhmus microceps","fish",,1,1972,,TRUE,FALSE,
280756,"Chordata","Teleostei","Siluriformes","Plotosidae","Euristhmus","Euristhmus nudiceps","fish",,7,1991,,TRUE,TRUE,
281745,"Chordata","Teleostei","Siluriformes","Ariidae","Netuma","Netuma thalassina","fish",,23,2019,,TRUE,TRUE,
282097,"Chordata","Teleostei","Siluriformes","Plotosidae","Paraplotosus","Paraplotosus albilabris","fish",,10,1995,,TRUE,TRUE,
282098,"Chordata","Teleostei","Siluriformes","Plotosidae","Paraplotosus","Paraplotosus butleri","fish",,21,2015,,TRUE,TRUE,
217659,"Chordata","Teleostei","Siluriformes","Plotosidae","Plotosus","Plotosus lineatus","fish",,37,2014,,TRUE,TRUE,
274966,"Chordata","Teleostei","Stomiiformes","Sternoptychidae","Argyripnus","Argyripnus iridescens","fish",,3,1963,,TRUE,FALSE,
274968,"Chordata","Teleostei","Stomiiformes","Sternoptychidae","Maurolicus","Maurolicus australis","fish",,2,1963,,TRUE,FALSE,
274973,"Chordata","Teleostei","Stomiiformes","Sternoptychidae","Maurolicus","Maurolicus javanicus","fish",,8,1963,,TRUE,FALSE,
275001,"Chordata","Teleostei","Stomiiformes","Sternoptychidae","Polyipnus","Polyipnus tridentifer","fish",,4,2005,,TRUE,TRUE,
275002,"Chordata","Teleostei","Stomiiformes","Sternoptychidae","Polyipnus","Polyipnus triphanos","fish",,1,1963,,TRUE,FALSE,
281913,"Chordata","Teleostei","Synbranchiformes","Synbranchidae","Ophisternon","Ophisternon candidum","fish","EN",4,,,TRUE,TRUE,
217964,"Chordata","Teleostei","Syngnathiformes","Aulostomidae","Aulostomus","Aulostomus chinensis","fish",,31,2014,,TRUE,TRUE,
278086,"Chordata","Teleostei","Syngnathiformes","Syngnathidae","Bulbonaricus","Bulbonaricus brauni","fish",,1,1976,,TRUE,FALSE,
367200,"Chordata","Teleostei","Syngnathiformes","Centriscidae","Centriscus","Centriscus cristatus","fish",,6,1954,,TRUE,TRUE,
217970,"Chordata","Teleostei","Syngnathiformes","Centriscidae","Centriscus","Centriscus scutatus","fish",,9,,,TRUE,TRUE,
217986,"Chordata","Teleostei","Syngnathiformes","Syngnathidae","Choeroichthys","Choeroichthys brachysoma","fish",,2,1995,,TRUE,TRUE,
277993,"Chordata","Teleostei","Syngnathiformes","Syngnathidae","Choeroichthys","Choeroichthys latispinosus","fish",,1,1977,,TRUE,TRUE,
217996,"Chordata","Teleostei","Syngnathiformes","Syngnathidae","Corythoichthys","Corythoichthys amplexus","fish",,1,2002,,TRUE,TRUE,
279103,"Chordata","Teleostei","Syngnathiformes","Syngnathidae","Doryrhamphus","Doryrhamphus janssi","fish",,,,,FALSE,TRUE,
310946,"Chordata","Teleostei","Syngnathiformes","Syngnathidae","Dunckerocampus","Dunckerocampus pessuliferus","fish",,,,,FALSE,TRUE,
279035,"Chordata","Teleostei","Syngnathiformes","Syngnathidae","Festucalex","Festucalex scalaris","fish",,4,1984,,TRUE,TRUE,
280779,"Chordata","Teleostei","Syngnathiformes","Syngnathidae","Filicampus","Filicampus tigris","fish",,3,1975,,TRUE,TRUE,
217966,"Chordata","Teleostei","Syngnathiformes","Fistulariidae","Fistularia","Fistularia commersonii","fish",,74,2021,,TRUE,TRUE,
159439,"Chordata","Teleostei","Syngnathiformes","Fistulariidae","Fistularia","Fistularia petimba","fish",,15,2006,,TRUE,TRUE,
277190,"Chordata","Teleostei","Syngnathiformes","Syngnathidae","Halicampus","Halicampus grayi","fish",,1,1975,,TRUE,FALSE,
277192,"Chordata","Teleostei","Syngnathiformes","Syngnathidae","Halicampus","Halicampus nitidus","fish",,,,,FALSE,TRUE,
277194,"Chordata","Teleostei","Syngnathiformes","Syngnathidae","Halicampus","Halicampus spinirostris","fish",,1,1976,,TRUE,FALSE,
280982,"Chordata","Teleostei","Syngnathiformes","Syngnathidae","Haliichthys","Haliichthys taeniophorus","fish",,2,,,TRUE,TRUE,
275185,"Chordata","Teleostei","Syngnathiformes","Syngnathidae","Hippocampus","Hippocampus angustus","fish",,2,1975,,TRUE,TRUE,
275189,"Chordata","Teleostei","Syngnathiformes","Syngnathidae","Hippocampus","Hippocampus breviceps","fish",,1,,,TRUE,FALSE,
275203,"Chordata","Teleostei","Syngnathiformes","Syngnathidae","Hippocampus","Hippocampus montebelloensis","fish",,1,1962,,TRUE,FALSE,
306811,"Chordata","Teleostei","Syngnathiformes","Syngnathidae","Hippocampus","Hippocampus planifrons","fish",,1,1958,,TRUE,FALSE,
127378,"Chordata","Teleostei","Syngnathiformes","Centriscidae","Macroramphosus","Macroramphosus scolopax","fish",,1,1972,,TRUE,FALSE,
278319,"Chordata","Teleostei","Syngnathiformes","Syngnathidae","Micrognathus","Micrognathus micronotopterus","fish",,4,1995,,TRUE,FALSE,
311717,"Chordata","Teleostei","Syngnathiformes","Syngnathidae","Micrognathus","Micrognathus pygmaeus","fish",,1,1972,,TRUE,FALSE,
217973,"Chordata","Teleostei","Syngnathiformes","Centriscidae","Notopogon","Notopogon lilliei","fish",,,,,FALSE,TRUE,
278076,"Chordata","Teleostei","Syngnathiformes","Syngnathidae","Solegnathus","Solegnathus lettiensis","fish",,4,1982,,TRUE,TRUE,
217977,"Chordata","Teleostei","Syngnathiformes","Solenostomidae","Solenostomus","Solenostomus cyanopterus","fish",,3,1972,,TRUE,TRUE,
217976,"Chordata","Teleostei","Syngnathiformes","Solenostomidae","Solenostomus","Solenostomus paradoxus","fish",,1,1983,,TRUE,FALSE,
218046,"Chordata","Teleostei","Syngnathiformes","Syngnathidae","Trachyrhamphus","Trachyrhamphus longirostris","fish",,1,,,TRUE,TRUE,
276793,"Chordata","Teleostei","Tetraodontiformes","Balistidae","Abalistes","Abalistes filamentosus","fish",,191,2021,,TRUE,TRUE,
219873,"Chordata","Teleostei","Tetraodontiformes","Balistidae","Abalistes","Abalistes stellatus","fish",,158,2019,,TRUE,TRUE,
127407,"Chordata","Teleostei","Tetraodontiformes","Monacanthidae","Aluterus","Aluterus monoceros","fish",,73,2019,,TRUE,TRUE,
159491,"Chordata","Teleostei","Tetraodontiformes","Monacanthidae","Aluterus","Aluterus scriptus","fish",,14,2014,,TRUE,TRUE,
212242,"Chordata","Teleostei","Tetraodontiformes","Monacanthidae","Amanses","Amanses scopas","fish",,21,2006,,TRUE,TRUE,
279601,"Chordata","Teleostei","Tetraodontiformes","Monacanthidae","Anacanthus","Anacanthus barbatus","fish",,13,1972,,TRUE,TRUE,
219922,"Chordata","Teleostei","Tetraodontiformes","Tetraodontidae","Arothron","Arothron caeruleopunctatus","fish",,1,2014,,TRUE,TRUE,
219925,"Chordata","Teleostei","Tetraodontiformes","Tetraodontidae","Arothron","Arothron hispidus","fish",,20,2015,,TRUE,TRUE,
219931,"Chordata","Teleostei","Tetraodontiformes","Tetraodontidae","Arothron","Arothron immaculatus","fish",,1,2006,,TRUE,TRUE,
275384,"Chordata","Teleostei","Tetraodontiformes","Tetraodontidae","Arothron","Arothron manilensis","fish",,7,2010,,TRUE,TRUE,
219930,"Chordata","Teleostei","Tetraodontiformes","Tetraodontidae","Arothron","Arothron mappa","fish",,,,,FALSE,TRUE,
219921,"Chordata","Teleostei","Tetraodontiformes","Tetraodontidae","Arothron","Arothron nigropunctatus","fish",,2,2006,,TRUE,TRUE,
219932,"Chordata","Teleostei","Tetraodontiformes","Tetraodontidae","Arothron","Arothron reticularis","fish",,3,2014,,TRUE,TRUE,
219928,"Chordata","Teleostei","Tetraodontiformes","Tetraodontidae","Arothron","Arothron stellatus","fish",,15,2019,,TRUE,TRUE,
219875,"Chordata","Teleostei","Tetraodontiformes","Balistidae","Balistoides","Balistoides viridescens","fish",,20,2014,,TRUE,TRUE,
276248,"Chordata","Teleostei","Tetraodontiformes","Monacanthidae","Cantherhines","Cantherhines dumerilii","fish",,9,2014,,TRUE,TRUE,
220055,"Chordata","Teleostei","Tetraodontiformes","Monacanthidae","Cantherhines","Cantherhines fronticinctus","fish",,27,2014,,TRUE,TRUE,
220058,"Chordata","Teleostei","Tetraodontiformes","Monacanthidae","Cantherhines","Cantherhines pardalis","fish",,33,2014,,TRUE,TRUE,
280027,"Chordata","Teleostei","Tetraodontiformes","Monacanthidae","Cantheschenia","Cantheschenia longipinnis","fish",,2,,,TRUE,FALSE,
307139,"Chordata","Teleostei","Tetraodontiformes","Tetraodontidae","Canthigaster","Canthigaster axiologus","fish",,3,1975,,TRUE,TRUE,
219936,"Chordata","Teleostei","Tetraodontiformes","Tetraodontidae","Canthigaster","Canthigaster coronata","fish",,2,2014,,TRUE,FALSE,
475043,"Chordata","Teleostei","Tetraodontiformes","Tetraodontidae","Canthigaster","Canthigaster cyanospilota","fish",,,,,FALSE,TRUE,
219940,"Chordata","Teleostei","Tetraodontiformes","Tetraodontidae","Canthigaster","Canthigaster janthinoptera","fish",,1,1975,,TRUE,FALSE,
219937,"Chordata","Teleostei","Tetraodontiformes","Tetraodontidae","Canthigaster","Canthigaster rivulata","fish",,6,2019,,TRUE,TRUE,
219947,"Chordata","Teleostei","Tetraodontiformes","Tetraodontidae","Canthigaster","Canthigaster valentini","fish",,,,,FALSE,TRUE,
280112,"Chordata","Teleostei","Tetraodontiformes","Monacanthidae","Chaetodermis","Chaetodermis penicilligerus","fish",,11,1976,,TRUE,TRUE,
1591143,"Chordata","Teleostei","Tetraodontiformes","Tetraodontidae","Chelonodontops","Chelonodontops patoca","fish",,4,2010,,TRUE,FALSE,
219964,"Chordata","Teleostei","Tetraodontiformes","Diodontidae","Chilomycterus","Chilomycterus reticulatus","fish",,1,2006,,TRUE,TRUE,
280370,"Chordata","Teleostei","Tetraodontiformes","Monacanthidae","Colurodontis","Colurodontis paxmani","fish",,23,2009,,TRUE,TRUE,
219967,"Chordata","Teleostei","Tetraodontiformes","Diodontidae","Cyclichthys","Cyclichthys spilostylus","fish",,1,1979,,TRUE,FALSE,
127402,"Chordata","Teleostei","Tetraodontiformes","Diodontidae","Diodon","Diodon holocanthus","fish",,,,,FALSE,TRUE,
127403,"Chordata","Teleostei","Tetraodontiformes","Diodontidae","Diodon","Diodon hystrix","fish",,6,2015,,TRUE,TRUE,
219970,"Chordata","Teleostei","Tetraodontiformes","Diodontidae","Diodon","Diodon liturosus","fish",,1,2006,,TRUE,TRUE,
280730,"Chordata","Teleostei","Tetraodontiformes","Monacanthidae","Eubalichthys","Eubalichthys caeruleoguttatus","fish",,26,2019,,TRUE,TRUE,
280731,"Chordata","Teleostei","Tetraodontiformes","Monacanthidae","Eubalichthys","Eubalichthys cyanoura","fish",,1,,,TRUE,FALSE,
280732,"Chordata","Teleostei","Tetraodontiformes","Monacanthidae","Eubalichthys","Eubalichthys gunnii","fish",,1,,,TRUE,FALSE,
280778,"Chordata","Teleostei","Tetraodontiformes","Tetraodontidae","Feroxodon","Feroxodon multistriatus","fish",,5,2014,,TRUE,TRUE,
280983,"Chordata","Teleostei","Tetraodontiformes","Triacanthodidae","Halimochirurgus","Halimochirurgus alcocki","fish",,2,2005,,TRUE,TRUE,
278931,"Chordata","Teleostei","Tetraodontiformes","Aracanidae","Kentrocapros","Kentrocapros aculeatus","fish",,26,2015,,TRUE,TRUE,
219904,"Chordata","Teleostei","Tetraodontiformes","Ostraciidae","Lactoria","Lactoria cornuta","fish",,10,1965,,TRUE,TRUE,
219903,"Chordata","Teleostei","Tetraodontiformes","Ostraciidae","Lactoria","Lactoria diaphana","fish",,1,,,TRUE,FALSE,
219902,"Chordata","Teleostei","Tetraodontiformes","Ostraciidae","Lactoria","Lactoria fornasini","fish",,2,2001,,TRUE,TRUE,
219957,"Chordata","Teleostei","Tetraodontiformes","Tetraodontidae","Lagocephalus","Lagocephalus lunaris","fish",,81,2021,,TRUE,TRUE,
219954,"Chordata","Teleostei","Tetraodontiformes","Tetraodontidae","Lagocephalus","Lagocephalus sceleratus","fish",,458,2021,,TRUE,TRUE,
275268,"Chordata","Teleostei","Tetraodontiformes","Tetraodontidae","Lagocephalus","Lagocephalus suezensis","fish",,2,1954,,TRUE,TRUE,
219974,"Chordata","Teleostei","Tetraodontiformes","Diodontidae","Lophodiodon","Lophodiodon calori","fish",,1,1989,,TRUE,FALSE,
219881,"Chordata","Teleostei","Tetraodontiformes","Balistidae","Melichthys","Melichthys niger","fish",,17,2014,,TRUE,TRUE,
219879,"Chordata","Teleostei","Tetraodontiformes","Balistidae","Melichthys","Melichthys vidua","fish",,37,2014,,TRUE,TRUE,
220060,"Chordata","Teleostei","Tetraodontiformes","Monacanthidae","Meuschenia","Meuschenia freycineti","fish",,1,,,TRUE,FALSE,
127405,"Chordata","Teleostei","Tetraodontiformes","Molidae","Mola","Mola mola","fish","VU",1,2000,,TRUE,TRUE,
276256,"Chordata","Teleostei","Tetraodontiformes","Monacanthidae","Monacanthus","Monacanthus chinensis","fish",,11,1996,,TRUE,FALSE,
281648,"Chordata","Teleostei","Tetraodontiformes","Monacanthidae","Nelusetta","Nelusetta ayraud","fish",,5,2019,,TRUE,TRUE,
281877,"Chordata","Teleostei","Tetraodontiformes","Tetraodontidae","Omegophora","Omegophora armilla","fish",,1,1964,,TRUE,TRUE,
403462,"Chordata","Teleostei","Tetraodontiformes","Ostraciidae","Ostracion","Ostracion cubicum","fish",,1,1972,,TRUE,TRUE,
219905,"Chordata","Teleostei","Tetraodontiformes","Ostraciidae","Ostracion","Ostracion meleagris","fish",,32,2014,,TRUE,TRUE,
278936,"Chordata","Teleostei","Tetraodontiformes","Ostraciidae","Ostracion","Ostracion solorense","fish",,1,2002,,TRUE,FALSE,
220063,"Chordata","Teleostei","Tetraodontiformes","Monacanthidae","Oxymonacanthus","Oxymonacanthus longirostris","fish","VU",35,2006,,TRUE,TRUE,
278918,"Chordata","Teleostei","Tetraodontiformes","Monacanthidae","Paramonacanthus","Paramonacanthus choirocephalus","fish",,26,2019,,TRUE,TRUE,
278920,"Chordata","Teleostei","Tetraodontiformes","Monacanthidae","Paramonacanthus","Paramonacanthus curtorhynchos","fish",,,,,FALSE,TRUE,
220072,"Chordata","Teleostei","Tetraodontiformes","Monacanthidae","Pervagor","Pervagor janthinosoma","fish",,11,1996,,TRUE,TRUE,
220071,"Chordata","Teleostei","Tetraodontiformes","Monacanthidae","Pervagor","Pervagor melanocephalus","fish",,3,1975,,TRUE,FALSE,
219884,"Chordata","Teleostei","Tetraodontiformes","Balistidae","Pseudobalistes","Pseudobalistes flavimarginatus","fish",,19,2019,,TRUE,TRUE,
219885,"Chordata","Teleostei","Tetraodontiformes","Balistidae","Pseudobalistes","Pseudobalistes fuscus","fish",,68,2019,,TRUE,TRUE,
278085,"Chordata","Teleostei","Tetraodontiformes","Monacanthidae","Pseudomonacanthus","Pseudomonacanthus peroni","fish",,17,2009,,TRUE,TRUE,
282479,"Chordata","Teleostei","Tetraodontiformes","Triacanthidae","Pseudotriacanthus","Pseudotriacanthus strigilifer","fish",,1,1991,,TRUE,FALSE,
127406,"Chordata","Teleostei","Tetraodontiformes","Molidae","Ranzania","Ranzania laevis","fish",,1,,,TRUE,FALSE,
219890,"Chordata","Teleostei","Tetraodontiformes","Balistidae","Rhinecanthus","Rhinecanthus aculeatus","fish",,11,2015,,TRUE,TRUE,
219886,"Chordata","Teleostei","Tetraodontiformes","Balistidae","Rhinecanthus","Rhinecanthus rectangulus","fish",,1,2006,,TRUE,FALSE,
219914,"Chordata","Teleostei","Tetraodontiformes","Ostraciidae","Rhynchostracion","Rhynchostracion nasus","fish",,2,,,TRUE,FALSE,
219894,"Chordata","Teleostei","Tetraodontiformes","Balistidae","Sufflamen","Sufflamen bursa","fish",,3,2006,,TRUE,TRUE,
276851,"Chordata","Teleostei","Tetraodontiformes","Balistidae","Sufflamen","Sufflamen chrysopterum","fish",,142,2015,,TRUE,TRUE,
276852,"Chordata","Teleostei","Tetraodontiformes","Balistidae","Sufflamen","Sufflamen fraenatum","fish",,259,2021,,TRUE,TRUE,
219915,"Chordata","Teleostei","Tetraodontiformes","Ostraciidae","Tetrosomus","Tetrosomus gibbosus","fish",,1,2004,,TRUE,TRUE,
277208,"Chordata","Teleostei","Tetraodontiformes","Monacanthidae","Thamnaconus","Thamnaconus hypargyreus","fish",,1,1978,,TRUE,FALSE,
220079,"Chordata","Teleostei","Tetraodontiformes","Monacanthidae","Thamnaconus","Thamnaconus modestoides","fish",,5,1972,,TRUE,TRUE,
277213,"Chordata","Teleostei","Tetraodontiformes","Monacanthidae","Thamnaconus","Thamnaconus tessellatus","fish",,2,,,TRUE,FALSE,
278269,"Chordata","Teleostei","Tetraodontiformes","Tetraodontidae","Torquigener","Torquigener pallimaculatus","fish",,14,2014,,TRUE,TRUE,
278271,"Chordata","Teleostei","Tetraodontiformes","Tetraodontidae","Torquigener","Torquigener paxtoni","fish",,12,1972,,TRUE,FALSE,
278273,"Chordata","Teleostei","Tetraodontiformes","Tetraodontidae","Torquigener","Torquigener pleurogramma","fish",,3,1975,,TRUE,FALSE,
278276,"Chordata","Teleostei","Tetraodontiformes","Tetraodontidae","Torquigener","Torquigener tuberculiferus","fish",,1,1975,,TRUE,FALSE,
278278,"Chordata","Teleostei","Tetraodontiformes","Tetraodontidae","Torquigener","Torquigener whitleyi","fish",,5,1972,,TRUE,FALSE,
219975,"Chordata","Teleostei","Tetraodontiformes","Diodontidae","Tragulichthys","Tragulichthys jaculiferus","fish",,1,1966,,TRUE,TRUE,
283034,"Chordata","Teleostei","Tetraodontiformes","Triacanthidae","Triacanthus","Triacanthus biaculeatus","fish",,8,1958,,TRUE,FALSE,
219917,"Chordata","Teleostei","Tetraodontiformes","Triodontidae","Triodon","Triodon macropterus","fish",,1,1978,,TRUE,FALSE,
219897,"Chordata","Teleostei","Tetraodontiformes","Balistidae","Xanthichthys","Xanthichthys auromarginatus","fish",,2,2006,,TRUE,TRUE,
219896,"Chordata","Teleostei","Tetraodontiformes","Balistidae","Xanthichthys","Xanthichthys lineopunctatus","fish",,80,2021,,TRUE,TRUE,
280209,"Chordata","Teleostei","Trachichthyiformes","Monocentridae","Cleidopus","Cleidopus gloriamaris","fish",,1,2001,,TRUE,FALSE,
126398,"Chordata","Teleostei","Trachichthyiformes","Diretmidae","Diretmus","Diretmus argenteus","fish",,6,1991,,TRUE,FALSE,
126401,"Chordata","Teleostei","Trachichthyiformes","Trachichthyidae","Gephyroberyx","Gephyroberyx darwinii","fish",,2,1991,,TRUE,FALSE,
474955,"Chordata","Teleostei","Trachichthyiformes","Trachichthyidae","Hoplostethus","Hoplostethus ravurictus","fish",,2,2005,,TRUE,TRUE,
221357,"Chordata","Teleostei","Trachichthyiformes","Monocentridae","Monocentris","Monocentris japonica","fish",,7,,,TRUE,TRUE,
275301,"Chordata","Teleostei","Zeiformes","Parazenidae","Cyttopsis","Cyttopsis cypho","fish",,2,1991,,TRUE,FALSE,
221454,"Chordata","Teleostei","Zeiformes","Parazenidae","Parazen","Parazen pacificus","fish",,1,2005,,TRUE,TRUE,
275302,"Chordata","Teleostei","Zeiformes","Zeidae","Zenopsis","Zenopsis nebulosa","fish",,2,1991,,TRUE,FALSE,
127427,"Chordata","Teleostei","Zeiformes","Zeidae","Zeus","Zeus faber","fish",,1,1972,,TRUE,FALSE,
231413,"Chordata","Mammalia","Carnivora","Phocidae","Mirounga","Mirounga leonina","mammal",,1,,,TRUE,TRUE,
137087,"Chordata","Mammalia","Cetartiodactyla","Balaenopteridae","Balaenoptera","Balaenoptera acutorostrata","mammal",,1,2023,,TRUE,TRUE,
231405,"Chordata","Mammalia","Cetartiodactyla","Balaenopteridae","Balaenoptera","Balaenoptera bonaerensis","mammal","NT",,,,FALSE,TRUE,
137090,"Chordata","Mammalia","Cetartiodactyla","Balaenopteridae","Balaenoptera","Balaenoptera musculus","mammal","EN",1,2021,,TRUE,FALSE,
220222,"Chordata","Mammalia","Cetartiodactyla","Balaenidae","Eubalaena","Eubalaena australis","mammal",,1,2023,,TRUE,TRUE,
159025,"Chordata","Mammalia","Cetartiodactyla","Kogiidae","Kogia","Kogia sima","mammal",,,,,FALSE,TRUE,
137092,"Chordata","Mammalia","Cetartiodactyla","Balaenopteridae","Megaptera","Megaptera novaeangliae","mammal",,669,2023,,TRUE,TRUE,
137122,"Chordata","Mammalia","Cetartiodactyla","Ziphiidae","Mesoplodon","Mesoplodon densirostris","mammal",,1,2000,,TRUE,TRUE,
137123,"Chordata","Mammalia","Cetartiodactyla","Ziphiidae","Mesoplodon","Mesoplodon europaeus","mammal",,,,,FALSE,TRUE,
231407,"Chordata","Mammalia","Cetartiodactyla","Ziphiidae","Mesoplodon","Mesoplodon ginkgodens","mammal",,,,,FALSE,TRUE,
137126,"Chordata","Mammalia","Cetartiodactyla","Ziphiidae","Mesoplodon","Mesoplodon mirus","mammal",,1,2005,,TRUE,TRUE,
137102,"Chordata","Mammalia","Cetartiodactyla","Delphinidae","Orcinus","Orcinus orca","mammal",,,,,FALSE,TRUE,
137104,"Chordata","Mammalia","Cetartiodactyla","Delphinidae","Pseudorca","Pseudorca crassidens","mammal","NT",1,1969,,TRUE,FALSE,
816452,"Chordata","Mammalia","Cetartiodactyla","Delphinidae","Sousa","Sousa sahulensis","mammal","VU",396,2015,,TRUE,TRUE,
137109,"Chordata","Mammalia","Cetartiodactyla","Delphinidae","Stenella","Stenella longirostris","mammal",,,,,FALSE,TRUE,
254983,"Chordata","Mammalia","Cetartiodactyla","Delphinidae","Tursiops","Tursiops aduncus","mammal","NT",1,2002,,TRUE,TRUE,
137111,"Chordata","Mammalia","Cetartiodactyla","Delphinidae","Tursiops","Tursiops truncatus","mammal",,,,,FALSE,TRUE,
220227,"Chordata","Mammalia","Sirenia","Dugongidae","Dugong","Dugong dugon","mammal","VU",44,2018,,TRUE,TRUE,
137205,"Chordata",,"Testudines","Cheloniidae","Caretta","Caretta caretta","turtle","VU",15,2017,,TRUE,TRUE,
137206,"Chordata",,"Testudines","Cheloniidae","Chelonia","Chelonia mydas","turtle","EN",61035,2022,,TRUE,TRUE,
137207,"Chordata",,"Testudines","Cheloniidae","Eretmochelys","Eretmochelys imbricata","turtle","CR",1,,,TRUE,TRUE,
223915,"Chordata",,"Testudines","Cheloniidae","Eretmochelys","Eretmochelys imbricata","turtle","CR",1,1994,,TRUE,FALSE,
344093,"Chordata",,"Testudines","Cheloniidae","Natator","Natator depressa","turtle",,3,2010,,TRUE,FALSE,
